0.5481
0.4669
0.4377
0.4198
0.4089
0.3648
0.3548
0.3487
0.3448
0.3420
0.3473
0.3202
0.3178
0.3145
0.3120
0.2942
0.2956
0.2933
0.2912
0.2892
0.2596
0.2734
0.2712
0.2698
0.2688
0.2357
0.2564
0.2542
0.2530
0.2519
0.2664
0.2396
0.2388
0.2377
0.2369
0.2083
0.2260
0.2249
0.2249
0.2242
0.2080
0.2134
0.2155
0.2145
0.2139
0.1802
0.2078
0.2055
0.2047
0.2038
0.2210
0.1931
0.1941
0.1950
0.1949
0.1850
0.1885
0.1863
0.1858
0.1865
0.1871
0.1795
0.1787
0.1783
0.1784
0.1888
0.1718
0.1722
0.1726
0.1724
0.1784
0.1637
0.1651
0.1663
0.1662
0.1849
0.1586
0.1582
0.1586
0.1599
0.1278
0.1547
0.1530
0.1538
0.1548
0.1497
0.1479
0.1482
0.1488
0.1493
0.1178
0.1415
0.1424
0.1427
0.1444
0.1267
0.1377
0.1385
0.1386
0.1395
0.1264
0.1363
0.1366
0.1360
0.1359
0.1103
0.1283
0.1298
0.1307
0.1314
0.1289
0.1262
0.1265
0.1274
0.1280
0.1113
0.1220
0.1224
0.1233
0.1238
0.1256
0.1161
0.1183
0.1194
0.1201
0.1193
0.1137
0.1153
0.1154
0.1160
0.1153
0.1089
0.1108
0.1124
0.1131
0.1387
0.1091
0.1094
0.1099
0.1109
0.0948
0.1038
0.1051
0.1064
0.1070
0.1060
0.1004
0.1017
0.1034
0.1044
0.0850
0.0975
0.0992
0.1001
0.1011
0.0798
0.0936
0.0950
0.0969
0.0980
0.0749
0.0933
0.0941
0.0946
0.0960
0.0878
0.0919
0.0908
0.0926
0.0931
0.0842
0.0861
0.0875
0.0889
0.0905
0.0756
0.0866
0.0872
0.0879
0.0883
0.0921
0.0827
0.0839
0.0851
0.0861
0.0745
0.0813
0.0827
0.0833
0.0843
0.0730
0.0779
0.0790
0.0812
0.0817
0.0772
0.0773
0.0781
0.0799
0.0801
0.0687
0.0748
0.0754
0.0770
0.0776
0.0705
0.0734
0.0744
0.0752
0.0764
0.0664
0.0704
0.0732
0.0749
0.0752
0.0668
0.0700
0.0714
0.0727
0.0736
0.0598
0.0678
0.0703
0.0708
0.0715
0.0594
0.0685
0.0694
0.0702
0.0710
0.0692
0.0675
0.0682
0.0691
0.0697
0.0542
0.0646
0.0654
0.0664
0.0674
0.0651
0.0641
0.0648
0.0658
0.0668
0.0519
0.0633
0.0633
0.0643
0.0647
0.0751
0.0610
0.0630
0.0639
0.0646
0.0585
0.0591
0.0606
0.0619
0.0630
0.0571
0.0589
0.0592
0.0601
0.0609
0.0489
0.0569
0.0587
0.0605
0.0614
0.0559
0.0572
0.0579
0.0589
0.0600
0.0553
0.0555
0.0570
0.0575
0.0587
0.0551
0.0548
0.0559
0.0572
0.0581
0.0487
0.0546
0.0556
0.0563
0.0573
0.0440
0.0549
0.0551
0.0562
0.0571
0.0576
0.0535
0.0540
0.0552
0.0561
0.0563
0.0519
0.0534
0.0545
0.0550
0.0515
0.0521
0.0533
0.0538
0.0545
0.0461
0.0502
0.0514
0.0523
0.0533
0.0351
0.0495
0.0501
0.0516
0.0527
0.0358
0.0479
0.0497
0.0513
0.0524
0.0381
0.0496
0.0502
0.0511
0.0519
0.0400
0.0492
0.0491
0.0495
0.0507
0.0451
0.0464
0.0482
0.0496
0.0505
0.0340
0.0473
0.0485
0.0495
0.0502
0.0417
0.0461
0.0477
0.0487
0.0493
0.0409
0.0448
0.0468
0.0481
0.0489
0.0464
0.0450
0.0467
0.0480
0.0485
0.0516
0.0457
0.0469
0.0478
0.0483
0.0456
0.0447
0.0453
0.0465
0.0473
0.0493
0.0435
0.0447
0.0452
0.0463
0.0306
0.0434
0.0448
0.0460
0.0470
0.0446
0.0424
0.0440
0.0455
0.0463
0.0489
0.0432
0.0444
0.0453
0.0459
0.0388
0.0417
0.0433
0.0442
0.0450
0.0443
0.0429
0.0433
0.0442
0.0450
0.0526
0.0431
0.0436
0.0447
0.0453
0.0322
0.0410
0.0434
0.0439
0.0448
0.0374
0.0402
0.0416
0.0428
0.0437
0.0380
0.0408
0.0419
0.0429
0.0438
0.0271
0.0401
0.0416
0.0424
0.0431
0.0355
0.0409
0.0417
0.0421
0.0428
0.0430
0.0389
0.0408
0.0416
0.0427
0.0421
0.0384
0.0400
0.0414
0.0425
0.0336
0.0396
0.0407
0.0416
0.0422
0.0329
0.0402
0.0405
0.0413
0.0420
0.0315
0.0385
0.0390
0.0402
0.0410
0.0321
0.0376
0.0390
0.0404
0.0411
0.0339
0.0377
0.0392
0.0403
0.0412
0.0343
0.0391
0.0394
0.0406
0.0414
0.0410
0.0391
0.0399
0.0405
0.0410
0.0348
0.0376
0.0386
0.0392
0.0402
0.0304
0.0372
0.0381
0.0391
0.0401
0.0413
0.0370
0.0379
0.0389
0.0398
0.0338
0.0374
0.0381
0.0390
0.0400
0.0448
0.0373
0.0381
0.0386
0.0398
0.0255
0.0370
0.0380
0.0386
0.0396
0.0336
0.0362
0.0374
0.0385
0.0392
0.0359
0.0365
0.0376
0.0387
0.0394
0.0404
0.0365
0.0378
0.0383
0.0394
0.0304
0.0353
0.0363
0.0375
0.0382
0.0378
0.0354
0.0368
0.0371
0.0380
0.0387
0.0355
0.0366
0.0372
0.0380
0.0370
0.0354
0.0366
0.0378
0.0384
0.0386
0.0346
0.0361
0.0371
0.0378
0.0351
0.0363
0.0365
0.0373
0.0383
0.0434
0.0353
0.0356
0.0365
0.0370
0.0419
0.0345
0.0353
0.0360
0.0371
0.0379
0.0362
0.0365
0.0370
0.0377
0.0413
0.0345
0.0359
0.0366
0.0372
0.0308
0.0340
0.0352
0.0359
0.0367
0.0297
0.0337
0.0346
0.0357
0.0367
0.0269
0.0349
0.0352
0.0357
0.0364
0.0375
0.0345
0.0356
0.0361
0.0368
0.0255
0.0347
0.0359
0.0363
0.0370
0.0391
0.0346
0.0349
0.0355
0.0362
0.0352
0.0336
0.0343
0.0345
0.0353
0.0340
0.0334
0.0345
0.0352
0.0359
0.0351
0.0335
0.0345
0.0355
0.0363
0.0380
0.0338
0.0341
0.0350
0.0356
0.0387
0.0335
0.0344
0.0350
0.0360
0.0275
0.0328
0.0338
0.0345
0.0351
0.0363
0.0331
0.0335
0.0345
0.0356
0.0294
0.0329
0.0332
0.0341
0.0351
0.0278
0.0331
0.0338
0.0343
0.0349
0.0372
0.0326
0.0336
0.0346
0.0353
0.0403
0.0324
0.0332
0.0346
0.0353
0.0325
0.0321
0.0331
0.0339
0.0348
0.0364
0.0328
0.0329
0.0335
0.0342
0.0259
0.0326
0.0326
0.0328
0.0338
0.0220
0.0323
0.0333
0.0339
0.0345
0.0364
0.0332
0.0330
0.0339
0.0346
0.0303
0.0323
0.0329
0.0340
0.0347
0.0455
0.0321
0.0330
0.0334
0.0339
0.0339
0.0313
0.0317
0.0328
0.0335
0.0259
0.0324
0.0324
0.0332
0.0340
0.0399
0.0317
0.0328
0.0332
0.0340
0.0275
0.0310
0.0319
0.0328
0.0335
0.0346
0.0315
0.0325
0.0331
0.0338
0.0268
0.0315
0.0321
0.0328
0.0337
0.0220
0.0320
0.0321
0.0328
0.0334
0.0300
0.0307
0.0319
0.0327
0.0336
0.0299
0.0309
0.0311
0.0320
0.0330
0.0349
0.0313
0.0320
0.0321
0.0330
0.0289
0.0304
0.0311
0.0319
0.0326
0.0303
0.0308
0.0311
0.0321
0.0330
0.0290
0.0316
0.0316
0.0324
0.0330
0.0249
0.0317
0.0316
0.0326
0.0332
0.0292
0.0307
0.0311
0.0322
0.0330
0.0242
0.0314
0.0313
0.0317
0.0322
0.0317
0.0305
0.0310
0.0315
0.0322
0.0314
0.0313
0.0316
0.0318
0.0325
0.0349
0.0307
0.0311
0.0323
0.0330
0.0383
0.0296
0.0306
0.0315
0.0320
0.0287
0.0301
0.0307
0.0312
0.0322
0.0249
0.0308
0.0314
0.0319
0.0325
0.0268
0.0300
0.0303
0.0311
0.0318
0.0428
0.0306
0.0314
0.0319
0.0328
0.0323
0.0303
0.0307
0.0315
0.0320
0.0276
0.0292
0.0301
0.0314
0.0322
0.0284
0.0298
0.0308
0.0314
0.0318
0.0346
0.0279
0.0295
0.0309
0.0318
0.0320
0.0295
0.0300
0.0302
0.0313
0.0230
0.0292
0.0302
0.0303
0.0312
0.0261
0.0298
0.0303
0.0312
0.0320
0.0359
0.0304
0.0303
0.0316
0.0320
0.0308
0.0296
0.0301
0.0311
0.0316
0.0284
0.0295
0.0296
0.0304
0.0312
0.0287
0.0294
0.0303
0.0308
0.0313
0.0365
0.0295
0.0298
0.0306
0.0314
0.0346
0.0288
0.0298
0.0306
0.0312
0.0304
0.0286
0.0297
0.0307
0.0314
0.0369
0.0292
0.0297
0.0304
0.0313
0.0271
0.0288
0.0294
0.0305
0.0310
0.0267
0.0286
0.0294
0.0304
0.0310
0.0231
0.0279
0.0282
0.0295
0.0304
0.0249
0.0289
0.0300
0.0307
0.0313
0.0402
0.0286
0.0295
0.0300
0.0306
0.0411
0.0284
0.0289
0.0299
0.0305
0.0297
0.0271
0.0281
0.0291
0.0299
0.0301
0.0290
0.0297
0.0300
0.0306
0.0229
0.0287
0.0288
0.0297
0.0305
0.0290
0.0281
0.0292
0.0299
0.0308
0.0277
0.0283
0.0294
0.0303
0.0310
0.0239
0.0281
0.0289
0.0296
0.0303
0.0235
0.0271
0.0278
0.0289
0.0296
0.0382
0.0290
0.0295
0.0303
0.0309
0.0341
0.0279
0.0287
0.0293
0.0299
0.0178
0.0275
0.0286
0.0297
0.0301
0.0226
0.0286
0.0285
0.0291
0.0299
0.0319
0.0278
0.0281
0.0289
0.0297
0.0394
0.0281
0.0286
0.0293
0.0302
0.0250
0.0279
0.0288
0.0293
0.0300
0.0237
0.0279
0.0287
0.0292
0.0301
0.0352
0.0276
0.0285
0.0297
0.0303
0.0276
0.0289
0.0292
0.0297
0.0303
0.0304
0.0275
0.0281
0.0290
0.0297
0.0324
0.0249
0.0238
0.0231
0.0226
0.0257
0.0199
0.0199
0.0199
0.0199
0.0139
0.0185
0.0185
0.0185
0.0184
0.0186
0.0179
0.0175
0.0173
0.0173
0.0219
0.0166
0.0166
0.0164
0.0165
0.0232
0.0159
0.0158
0.0159
0.0158
0.0162
0.0152
0.0151
0.0152
0.0151
0.0140
0.0145
0.0146
0.0147
0.0148
0.0137
0.0147
0.0148
0.0149
0.0147
0.0136
0.0140
0.0142
0.0142
0.0142
0.0123
0.0139
0.0138
0.0137
0.0137
0.0100
0.0131
0.0135
0.0135
0.0136
0.0129
0.0131
0.0134
0.0133
0.0133
0.0141
0.0127
0.0125
0.0127
0.0129
0.0143
0.0123
0.0124
0.0125
0.0125
0.0111
0.0120
0.0123
0.0123
0.0123
0.0126
0.0114
0.0116
0.0118
0.0120
0.0109
0.0116
0.0117
0.0118
0.0119
0.0119
0.0120
0.0120
0.0119
0.0119
0.0124
0.0115
0.0115
0.0115
0.0116
0.0084
0.0116
0.0113
0.0113
0.0113
0.0069
0.0111
0.0114
0.0112
0.0113
0.0123
0.0108
0.0109
0.0110
0.0111
0.0138
0.0108
0.0107
0.0108
0.0109
0.0123
0.0110
0.0109
0.0110
0.0111
0.0097
0.0108
0.0107
0.0108
0.0108
0.0103
0.0105
0.0103
0.0105
0.0105
0.0087
0.0106
0.0105
0.0105
0.0106
0.0086
0.0098
0.0103
0.0103
0.0104
0.0075
0.0103
0.0103
0.0103
0.0104
0.0114
0.0097
0.0099
0.0100
0.0101
0.0063
0.0095
0.0098
0.0101
0.0101
0.0115
0.0096
0.0098
0.0099
0.0100
0.0120
0.0100
0.0099
0.0099
0.0099
0.0132
0.0097
0.0097
0.0097
0.0098
0.0104
0.0096
0.0096
0.0097
0.0098
0.0075
0.0097
0.0097
0.0096
0.0097
0.0103
0.0094
0.0094
0.0094
0.0095
0.0117
0.0095
0.0096
0.0097
0.0096
0.0098
0.0094
0.0093
0.0094
0.0094
0.0098
0.0089
0.0090
0.0092
0.0094
0.0092
0.0091
0.0091
0.0092
0.0094
0.0111
0.0092
0.0093
0.0093
0.0093
0.0088
0.0090
0.0089
0.0090
0.0091
0.0057
0.0089
0.0091
0.0091
0.0092
0.0072
0.0090
0.0089
0.0091
0.0092
0.0094
0.0090
0.0090
0.0090
0.0090
0.0082
0.0085
0.0087
0.0088
0.0089
0.0069
0.0085
0.0087
0.0088
0.0089
0.0067
0.0088
0.0088
0.0088
0.0088
0.0099
0.0083
0.0086
0.0087
0.0088
0.0093
0.0087
0.0086
0.0087
0.0087
0.0088
0.0086
0.0086
0.0086
0.0087
0.0080
0.0085
0.0087
0.0087
0.0087
0.0097
0.0083
0.0083
0.0084
0.0086
0.0057
0.0081
0.0085
0.0086
0.0086
0.0124
0.0083
0.0084
0.0085
0.0086
0.0081
0.0082
0.0085
0.0084
0.0085
0.0066
0.0080
0.0083
0.0084
0.0084
0.0073
0.0083
0.0084
0.0084
0.0084
0.0073
0.0081
0.0083
0.0084
0.0084
0.0066
0.0080
0.0082
0.0082
0.0083
0.0085
0.0082
0.0081
0.0083
0.0084
0.0073
0.0082
0.0080
0.0080
0.0081
0.0092
0.0078
0.0081
0.0082
0.0083
0.0129
0.0081
0.0082
0.0081
0.0082
0.0068
0.0079
0.0081
0.0081
0.0083
0.0053
0.0076
0.0079
0.0080
0.0081
0.0079
0.0080
0.0079
0.0080
0.0081
0.0083
0.0079
0.0080
0.0080
0.0080
0.0079
0.0081
0.0080
0.0080
0.0081
0.0079
0.0076
0.0078
0.0078
0.0079
0.0092
0.0077
0.0079
0.0079
0.0080
0.0060
0.0078
0.0077
0.0078
0.0078
0.0067
0.0076
0.0077
0.0079
0.0080
0.0073
0.0077
0.0079
0.0079
0.0079
0.0084
0.0077
0.0077
0.0078
0.0079
0.0084
0.0075
0.0077
0.0077
0.0077
0.0068
0.0075
0.0077
0.0078
0.0079
0.0087
0.0076
0.0075
0.0076
0.0077
0.0060
0.0073
0.0075
0.0076
0.0077
0.0067
0.0073
0.0075
0.0076
0.0076
0.0070
0.0076
0.0076
0.0077
0.0077
0.0062
0.0074
0.0074
0.0075
0.0075
0.0068
0.0072
0.0074
0.0075
0.0076
0.0089
0.0073
0.0075
0.0075
0.0076
0.0099
0.0077
0.0076
0.0077
0.0077
0.0076
0.0074
0.0075
0.0076
0.0076
0.0084
0.0075
0.0074
0.0075
0.0076
0.0062
0.0073
0.0074
0.0075
0.0076
0.0061
0.0075
0.0076
0.0075
0.0075
0.0064
0.0073
0.0075
0.0074
0.0075
0.0072
0.0074
0.0075
0.0075
0.0075
0.0079
0.0075
0.0076
0.0076
0.0077
0.0059
0.0074
0.0075
0.0075
0.0076
0.0059
0.0072
0.0073
0.0075
0.0075
0.0047
0.0074
0.0075
0.0076
0.0076
0.0075
0.0071
0.0073
0.0074
0.0074
0.0082
0.0069
0.0070
0.0072
0.0073
0.0081
0.0071
0.0072
0.0074
0.0073
0.0063
0.0071
0.0071
0.0070
0.0070
0.0066
0.0070
0.0068
0.0068
0.0068
0.0049
0.0067
0.0066
0.0067
0.0067
0.0079
0.0068
0.0068
0.0068
0.0068
0.0081
0.0064
0.0065
0.0066
0.0065
0.0069
0.0066
0.0066
0.0066
0.0066
0.0072
0.0066
0.0064
0.0065
0.0065
0.0080
0.0064
0.0063
0.0065
0.0065
0.0060
0.0064
0.0064
0.0065
0.0065
0.0108
0.0065
0.0065
0.0064
0.0063
0.0071
0.0066
0.0066
0.0065
0.0065
0.0047
0.0065
0.0065
0.0065
0.0065
0.0145
0.0064
0.0063
0.0063
0.0063
0.0061
0.0063
0.0064
0.0065
0.0065
0.0075
0.0065
0.0065
0.0064
0.0065
0.0083
0.0064
0.0065
0.0065
0.0064
0.0080
0.0063
0.0063
0.0064
0.0064
0.0072
0.0063
0.0062
0.0061
0.0062
0.0070
0.0064
0.0063
0.0063
0.0063
0.0077
0.0066
0.0065
0.0064
0.0063
0.0055
0.0064
0.0064
0.0063
0.0063
0.0065
0.0061
0.0062
0.0062
0.0062
0.0055
0.0064
0.0064
0.0063
0.0062
0.0055
0.0063
0.0063
0.0062
0.0063
0.0040
0.0062
0.0062
0.0062
0.0062
0.0061
0.0061
0.0062
0.0062
0.0062
0.0071
0.0063
0.0063
0.0062
0.0063
0.0067
0.0061
0.0061
0.0062
0.0062
0.0082
0.0059
0.0062
0.0062
0.0062
0.0057
0.0061
0.0062
0.0063
0.0063
0.0094
0.0061
0.0061
0.0061
0.0061
0.0061
0.0061
0.0061
0.0062
0.0063
0.0046
0.0060
0.0060
0.0061
0.0061
0.0074
0.0062
0.0062
0.0061
0.0061
0.0066
0.0060
0.0060
0.0060
0.0061
0.0075
0.0060
0.0060
0.0061
0.0061
0.0041
0.0062
0.0061
0.0061
0.0062
0.0071
0.0063
0.0062
0.0062
0.0062
0.0053
0.0062
0.0061
0.0061
0.0061
0.0041
0.0059
0.0059
0.0060
0.0060
0.0070
0.0061
0.0061
0.0061
0.0061
0.0051
0.0060
0.0060
0.0060
0.0060
0.0059
0.0059
0.0059
0.0060
0.0060
0.0053
0.0059
0.0059
0.0060
0.0060
0.0086
0.0058
0.0060
0.0061
0.0061
0.0048
0.0062
0.0061
0.0060
0.0060
0.0059
0.0061
0.0060
0.0060
0.0061
0.0042
0.0060
0.0059
0.0061
0.0060
0.0072
0.0059
0.0059
0.0059
0.0059
0.0063
0.0061
0.0060
0.0060
0.0060
0.0061
0.0060
0.0060
0.0059
0.0060
0.0066
0.0058
0.0058
0.0060
0.0060
0.0074
0.0063
0.0062
0.0061
0.0061
0.0050
0.0060
0.0060
0.0060
0.0060
0.0055
0.0061
0.0060
0.0060
0.0060
0.0055
0.0061
0.0060
0.0060
0.0060
0.0060
0.0059
0.0059
0.0059
0.0060
0.0070
0.0060
0.0061
0.0061
0.0061
0.0064
0.0059
0.0059
0.0060
0.0060
0.0045
0.0059
0.0058
0.0058
0.0059
0.0048
0.0061
0.0060
0.0060
0.0060
0.0054
0.0057
0.0058
0.0059
0.0059
0.0054
0.0058
0.0059
0.0060
0.0060
0.0075
0.0059
0.0059
0.0059
0.0059
0.0053
0.0059
0.0060
0.0059
0.0059
0.0059
0.0057
0.0058
0.0059
0.0059
0.0058
0.0059
0.0059
0.0059
0.0059
0.0070
0.0060
0.0059
0.0059
0.0059
0.0056
0.0060
0.0059
0.0059
0.0059
0.0040
0.0060
0.0059
0.0059
0.0060
0.0059
0.0058
0.0058
0.0058
0.0058
0.0068
0.0060
0.0060
0.0060
0.0060
0.0078
0.0056
0.0057
0.0058
0.0058
0.0072
0.0060
0.0060
0.0059
0.0059
0.0057
0.0060
0.0059
0.0059
0.0059
0.0068
0.0059
0.0059
0.0059
0.0059
0.0047
0.0058
0.0059
0.0059
0.0059
0.0031
0.0056
0.0057
0.0058
0.0058
0.0047
0.0058
0.0059
0.0058
0.0058
0.0057
0.0058
0.0057
0.0058
0.0058
0.0053
0.0058
0.0059
0.0059
0.0059
0.0060
0.0058
0.0058
0.0058
0.0059
0.0061
0.0058
0.0058
0.0058
0.0058
0.0048
0.0057
0.0057
0.0058
0.0059
0.0088
0.0060
0.0059
0.0059
0.0059
0.0049
0.0057
0.0057
0.0057
0.0058
0.0051
0.0058
0.0058
0.0058
0.0058
0.0079
0.0059
0.0058
0.0058
0.0058
0.0077
0.0058
0.0059
0.0059
0.0059
0.0038
0.0060
0.0059
0.0059
0.0058
0.0047
0.0061
0.0059
0.0059
0.0058
0.0054
0.0057
0.0058
0.0058
0.0058
0.0051
0.0058
0.0058
0.0058
0.0058
0.0051
0.0059
0.0058
0.0058
0.0058
0.0056
0.0057
0.0058
0.0058
0.0058
0.0064
0.0058
0.0057
0.0058
0.0058
0.0039
0.0057
0.0058
0.0058
0.0058
0.0046
0.0057
0.0057
0.0058
0.0059
0.0064
0.0057
0.0058
0.0058
0.0058
0.0058
0.0057
0.0057
0.0058
0.0058
0.0084
0.0057
0.0058
0.0058
0.0058
0.0060
0.0057
0.0057
0.0058
0.0058
0.0053
0.0058
0.0058
0.0058
0.0058
0.0057
0.0057
0.0057
0.0057
0.0057
0.0061
0.0058
0.0058
0.0057
0.0057
0.0051
0.0056
0.0056
0.0057
0.0057
0.0053
0.0057
0.0058
0.0058
0.0058
0.0043
0.0057
0.0057
0.0057
0.0058
0.0051
0.0056
0.0057
0.0057
0.0057
0.0045
0.0058
0.0057
0.0057
0.0057
0.0050
0.0059
0.0058
0.0057
0.0057
0.0045
0.0056
0.0057
0.0058
0.0057
0.0063
0.0057
0.0058
0.0058
0.0058
0.0077
0.0057
0.0058
0.0057
0.0057
0.0072
0.0057
0.0057
0.0057
0.0057
0.0063
0.0057
0.0057
0.0057
0.0057
0.0086
0.0058
0.0058
0.0058
0.0058
0.0063
0.0059
0.0058
0.0057
0.0057
0.0046
0.0059
0.0058
0.0058
0.0058
0.0072
0.0057
0.0057
0.0057
0.0057
0.0057
0.0057
0.0057
0.0057
0.0057
0.0066
0.0057
0.0057
0.0057
0.0057
0.0074
0.0056
0.0056
0.0057
0.0057
0.0045
0.0059
0.0058
0.0058
0.0058
0.0067
0.0057
0.0057
0.0057
0.0056
0.0071
0.0058
0.0057
0.0057
0.0057
0.0054
0.0056
0.0057
0.0057
0.0057
0.0054
0.0058
0.0058
0.0058
0.0058
0.0056
0.0059
0.0057
0.0057
0.0057
0.0040
0.0057
0.0058
0.0057
0.0057
0.0056
0.0056
0.0056
0.0057
0.0058
0.0050
0.0057
0.0059
0.0058
0.0058
0.0072
0.0057
0.0057
0.0057
0.0057
0.0062
0.0056
0.0057
0.0057
0.0057
0.0064
0.0059
0.0058
0.0058
0.0058
0.0050
0.0057
0.0057
0.0057
0.0057
0.0058
0.0058
0.0057
0.0057
0.0057
0.0044
0.0058
0.0058
0.0057
0.0058
0.0074
0.0057
0.0056
0.0057
0.0057
0.0073
0.0059
0.0058
0.0058
0.0057
0.0049
0.0058
0.0058
0.0058
0.0057
0.0049
0.0055
0.0057
0.0057
0.0057
0.0061
0.0056
0.0057
0.0058
0.0057
0.0072
0.0058
0.0057
0.0056
0.0056
0.0063
0.0057
0.0057
0.0057
0.0057
0.0047
0.0057
0.0056
0.0056
0.0056
0.0093
0.0057
0.0056
0.0056
0.0057
0.0050
0.0057
0.0056
0.0056
0.0057
0.0057
0.0056
0.0056
0.0057
0.0057
0.0068
0.0056
0.0056
0.0056
0.0057
0.0036
0.0055
0.0055
0.0056
0.0056
0.0052
0.0057
0.0057
0.0057
0.0056
0.0080
0.0056
0.0057
0.0057
0.0057
0.0059
0.0058
0.0058
0.0058
0.0057
0.0036
0.0056
0.0057
0.0057
0.0057
0.0058
0.0057
0.0056
0.0057
0.0057
0.0054
0.0054
0.0055
0.0056
0.0056
0.0089
0.0057
0.0056
0.0057
0.0057
0.0051
0.0056
0.0057
0.0056
0.0057
0.0058
0.0058
0.0058
0.0057
0.0057
0.0053
0.0058
0.0057
0.0057
0.0057
0.0050
0.0056
0.0056
0.0056
0.0056
0.0057
0.0056
0.0057
0.0057
0.0056
0.0084
0.0056
0.0056
0.0056
0.0056
0.0055
0.0055
0.0056
0.0057
0.0057
0.0045
0.0057
0.0058
0.0057
0.0057
0.0077
0.0057
0.0057
0.0057
0.0057
0.0047
0.0057
0.0056
0.0056
0.0056
0.0044
0.0056
0.0057
0.0057
0.0057
0.0041
0.0057
0.0057
0.0057
0.0057
0.0060
0.0056
0.0056
0.0056
0.0057
0.0070
0.0058
0.0057
0.0057
0.0057
0.0073
0.0058
0.0058
0.0057
0.0057
0.0057
0.0056
0.0057
0.0057
0.0057
0.0081
0.0056
0.0056
0.0056
0.0057
0.0058
0.0055
0.0056
0.0057
0.0056
0.0055
0.0056
0.0056
0.0056
0.0056
0.0057
0.0056
0.0056
0.0056
0.0056
0.0052
0.0056
0.0056
0.0056
0.0056
0.0061
0.0056
0.0056
0.0056
0.0056
0.0069
0.0057
0.0057
0.0057
0.0057
0.0054
0.0058
0.0057
0.0057
0.0057
0.0055
0.0057
0.0057
0.0057
0.0057
0.0066
0.0058
0.0057
0.0057
0.0058
0.0057
0.0057
0.0057
0.0057
0.0057
0.0084
0.0058
0.0057
0.0057
0.0057
0.0054
0.0057
0.0057
0.0057
0.0057
0.0059
0.0056
0.0057
0.0056
0.0056
0.0055
0.0055
0.0056
0.0056
0.0057
0.0062
0.0058
0.0056
0.0056
0.0057
0.0041
0.0058
0.0057
0.0057
0.0057
0.0067
0.0057
0.0057
0.0057
0.0057
0.0083
0.0055
0.0056
0.0056
0.0056
0.0053
0.0056
0.0056
0.0056
0.0056
0.0059
0.0057
0.0058
0.0057
0.0057
0.0061
0.0055
0.0056
0.0057
0.0057
0.0038
0.0056
0.0057
0.0057
0.0057
0.0043
0.0056
0.0057
0.0056
0.0057
0.0051
0.0056
0.0055
0.0056
0.0056
0.0056
0.0057
0.0056
0.0056
0.0056
0.0058
0.0056
0.0057
0.0057
0.0057
0.0043
0.0058
0.0057
0.0057
0.0057
0.0062
0.0057
0.0057
0.0057
0.0057
0.0064
0.0056
0.0055
0.0056
0.0056
0.0080
0.0056
0.0056
0.0056
0.0056
0.0055
0.0059
0.0058
0.0058
0.0057
0.0059
0.0058
0.0057
0.0057
0.0058
0.0035
0.0057
0.0058
0.0057
0.0058
0.0056
0.0057
0.0057
0.0057
0.0057
0.0054
0.0058
0.0056
0.0057
0.0057
0.0060
0.0057
0.0057
0.0057
0.0057
0.0051
0.0057
0.0057
0.0057
0.0056
0.0052
0.0055
0.0056
0.0056
0.0056
0.0056
0.0056
0.0056
0.0056
0.0056
0.0057
0.0056
0.0057
0.0057
0.0057
0.0067
0.0059
0.0059
0.0059
0.0058
0.0048
0.0056
0.0056
0.0056
0.0057
0.0050
0.0057
0.0057
0.0057
0.0057
0.0052
0.0057
0.0057
0.0056
0.0057
0.0050
0.0054
0.0056
0.0056
0.0056
0.0069
0.0056
0.0057
0.0056
0.0057
0.0050
0.0056
0.0056
0.0057
0.0057
0.0060
0.0056
0.0056
0.0056
0.0056
0.0055
0.0055
0.0056
0.0056
0.0056
0.0046
0.0057
0.0058
0.0057
0.0057
0.0033
0.0057
0.0057
0.0057
0.0057
0.0058
0.0057
0.0056
0.0056
0.0056
0.0051
0.0056
0.0056
0.0056
0.0056
0.0060
0.0057
0.0056
0.0057
0.0056
0.0068
0.0057
0.0056
0.0056
0.0056
0.0049
0.0058
0.0058
0.0058
0.0058
0.0084
0.0057
0.0057
0.0057
0.0057
0.0077
0.0058
0.0057
0.0057
0.0057
0.0059
0.0058
0.0055
0.0056
0.0056
0.0060
0.0056
0.0056
0.0056
0.0056
0.0046
0.0056
0.0056
0.0056
0.0056
0.0066
0.0058
0.0057
0.0056
0.0056
0.0051
0.0056
0.0056
0.0057
0.0057
0.0061
0.0056
0.0056
0.0056
0.0056
0.0035
0.0058
0.0058
0.0057
0.0057
0.0049
0.0055
0.0056
0.0056
0.0056
0.0032
0.0056
0.0055
0.0056
0.0056
0.0039
0.0055
0.0056
0.0056
0.0056
0.0067
0.0056
0.0057
0.0057
0.0056
0.0057
0.0057
0.0057
0.0057
0.0056
0.0062
0.0056
0.0056
0.0056
0.0056
0.0045
0.0056
0.0055
0.0057
0.0057
0.0066
0.0056
0.0057
0.0056
0.0056
0.0045
0.0055
0.0057
0.0056
0.0056
0.0049
0.0057
0.0056
0.0056
0.0056
0.0057
0.0058
0.0057
0.0057
0.0058
0.0044
0.0056
0.0056
0.0056
0.0057
0.0070
0.0056
0.0057
0.0057
0.0056
0.0049
0.0057
0.0057
0.0057
0.0057
0.0053
0.0056
0.0057
0.0057
0.0057
0.0055
0.0056
0.0056
0.0056
0.0056
0.0052
0.0059
0.0058
0.0057
0.0057
0.0059
0.0055
0.0055
0.0056
0.0056
0.0061
0.0055
0.0056
0.0056
0.0056
0.0051
0.0058
0.0057
0.0056
0.0057
0.0060
0.0057
0.0056
0.0056
0.0056
0.0052
0.0056
0.0056
0.0056
0.0056
0.0049
0.0055
0.0056
0.0056
0.0056
0.0054
0.0057
0.0055
0.0056
0.0056
0.0048
0.0056
0.0055
0.0055
0.0055
0.0059
0.0058
0.0057
0.0056
0.0056
0.0053
0.0055
0.0056
0.0056
0.0056
0.0054
0.0056
0.0057
0.0056
0.0056
0.0067
0.0056
0.0056
0.0056
0.0057
0.0056
0.0056
0.0056
0.0057
0.0057
0.0038
0.0058
0.0059
0.0057
0.0057
0.0049
0.0056
0.0057
0.0057
0.0057
0.0058
0.0056
0.0056
0.0056
0.0056
0.0064
0.0056
0.0056
0.0056
0.0056
0.0048
0.0057
0.0056
0.0056
0.0056
0.0052
0.0056
0.0056
0.0055
0.0055
0.0037
0.0056
0.0056
0.0056
0.0056
0.0053
0.0055
0.0055
0.0055
0.0055
0.0051
0.0055
0.0055
0.0056
0.0056
0.0053
0.0056
0.0056
0.0056
0.0056
0.0071
0.0057
0.0056
0.0056
0.0056
0.0054
0.0056
0.0055
0.0057
0.0056
0.0041
0.0056
0.0055
0.0056
0.0056
0.0061
0.0057
0.0056
0.0056
0.0056
0.0067
0.0057
0.0057
0.0056
0.0056
0.0060
0.0055
0.0056
0.0056
0.0056
0.0040
0.0054
0.0055
0.0056
0.0056
0.0051
0.0056
0.0057
0.0056
0.0056
0.0063
0.0060
0.0058
0.0058
0.0058
0.0047
0.0055
0.0057
0.0056
0.0056
0.0071
0.0057
0.0057
0.0057
0.0057
0.0033
0.0057
0.0056
0.0056
0.0056
0.0064
0.0057
0.0056
0.0056
0.0056
0.0057
0.0055
0.0056
0.0056
0.0056
0.0066
0.0057
0.0058
0.0058
0.0057
0.0054
0.0058
0.0058
0.0057
0.0056
0.0060
0.0055
0.0055
0.0056
0.0056
0.0052
0.0056
0.0057
0.0057
0.0057
0.0050
0.0056
0.0056
0.0056
0.0056