1.9664
1.2985
1.0596
0.9429
0.5052
0.5447
0.5403
0.5308
0.5258
0.5252
0.4914
0.4862
0.4803
0.4759
0.4619
0.4442
0.4438
0.4419
0.4393
0.4130
0.4243
0.4198
0.4158
0.4128
0.3884
0.3921
0.3934
0.3926
0.3911
0.3523
0.3773
0.3778
0.3765
0.3756
0.3343
0.3588
0.3605
0.3582
0.3572
0.3508
0.3505
0.3463
0.3426
0.3416
0.3900
0.3359
0.3318
0.3305
0.3294
0.3341
0.3143
0.3156
0.3148
0.3137
0.2839
0.3055
0.3037
0.3035
0.3027
0.3057
0.2893
0.2897
0.2898
0.2900
0.2542
0.2780
0.2796
0.2799
0.2794
0.3260
0.2696
0.2684
0.2689
0.2675
0.2051
0.2565
0.2594
0.2596
0.2576
0.2143
0.2486
0.2472
0.2469
0.2464
0.1935
0.2349
0.2364
0.2355
0.2357
0.2377
0.2248
0.2266
0.2280
0.2275
0.2097
0.2198
0.2199
0.2209
0.2198
0.2045
0.2094
0.2088
0.2094
0.2094
0.2275
0.2010
0.2000
0.2010
0.2003
0.1563
0.1949
0.1933
0.1935
0.1924
0.1950
0.1834
0.1833
0.1840
0.1849
0.1609
0.1738
0.1753
0.1772
0.1773
0.1579
0.1727
0.1707
0.1699
0.1693
0.1599
0.1592
0.1608
0.1618
0.1616
0.1727
0.1555
0.1554
0.1564
0.1567
0.1465
0.1477
0.1484
0.1493
0.1490
0.1816
0.1413
0.1415
0.1427
0.1434
0.1070
0.1350
0.1357
0.1369
0.1372
0.1616
0.1329
0.1311
0.1306
0.1309
0.1296
0.1206
0.1226
0.1242
0.1257
0.1203
0.1171
0.1193
0.1200
0.1217
0.1002
0.1126
0.1143
0.1148
0.1159
0.1164
0.1086
0.1079
0.1091
0.1102
0.0992
0.1018
0.1038
0.1048
0.1061
0.1246
0.0983
0.0987
0.0999
0.1019
0.0803
0.0950
0.0969
0.0970
0.0975
0.0622
0.0909
0.0912
0.0926
0.0935
0.0675
0.0850
0.0867
0.0876
0.0897
0.0714
0.0843
0.0845
0.0857
0.0865
0.0579
0.0826
0.0819
0.0826
0.0837
0.0780
0.0768
0.0780
0.0794
0.0805
0.0600
0.0721
0.0741
0.0749
0.0756
0.0529
0.0690
0.0708
0.0720
0.0731
0.0793
0.0676
0.0688
0.0699
0.0700
0.0687
0.0649
0.0676
0.0678
0.0684
0.0755
0.0615
0.0628
0.0645
0.0652
0.0562
0.0585
0.0594
0.0618
0.0623
0.0851
0.0558
0.0578
0.0594
0.0598
0.0397
0.0576
0.0567
0.0577
0.0584
0.0263
0.0524
0.0539
0.0555
0.0563
0.0311
0.0503
0.0514
0.0531
0.0537
0.0405
0.0487
0.0517
0.0521
0.0526
0.0626
0.0474
0.0487
0.0495
0.0503
0.0328
0.0454
0.0467
0.0484
0.0494
0.0303
0.0452
0.0462
0.0475
0.0480
0.0556
0.0438
0.0451
0.0463
0.0475
0.0266
0.0425
0.0423
0.0444
0.0463
0.0449
0.0415
0.0428
0.0439
0.0448
0.0183
0.0396
0.0414
0.0419
0.0422
0.0340
0.0393
0.0403
0.0410
0.0412
0.0502
0.0387
0.0392
0.0397
0.0405
0.0571
0.0385
0.0391
0.0401
0.0407
0.0291
0.0366
0.0370
0.0379
0.0390
0.0328
0.0357
0.0368
0.0374
0.0381
0.0286
0.0343
0.0363
0.0369
0.0378
0.0314
0.0344
0.0365
0.0366
0.0375
0.0310
0.0336
0.0341
0.0351
0.0358
0.0245
0.0308
0.0335
0.0340
0.0354
0.0386
0.0326
0.0323
0.0328
0.0341
0.0241
0.0310
0.0334
0.0338
0.0342
0.0269
0.0304
0.0306
0.0324
0.0333
0.0142
0.0300
0.0301
0.0308
0.0318
0.0319
0.0293
0.0307
0.0313
0.0318
0.0266
0.0288
0.0293
0.0305
0.0312
0.0131
0.0273
0.0301
0.0300
0.0310
0.0384
0.0310
0.0303
0.0311
0.0316
0.0250
0.0271
0.0289
0.0297
0.0308
0.0180
0.0285
0.0287
0.0287
0.0295
0.0515
0.0284
0.0286
0.0282
0.0289
0.0309
0.0257
0.0264
0.0271
0.0283
0.0263
0.0277
0.0284
0.0289
0.0295
0.0242
0.0258
0.0257
0.0266
0.0275
0.0286
0.0278
0.0271
0.0279
0.0283
0.0110
0.0241
0.0250
0.0261
0.0268
0.0222
0.0253
0.0251
0.0268
0.0276
0.0350
0.0231
0.0245
0.0250
0.0258
0.0222
0.0251
0.0253
0.0261
0.0263
0.0203
0.0232
0.0243
0.0252
0.0261
0.0119
0.0222
0.0240
0.0249
0.0256
0.0139
0.0223
0.0240
0.0252
0.0258
0.0321
0.0234
0.0231
0.0246
0.0248
0.0249
0.0237
0.0236
0.0244
0.0248
0.0087
0.0226
0.0227
0.0232
0.0246
0.0145
0.0224
0.0236
0.0240
0.0247
0.0147
0.0221
0.0231
0.0239
0.0243
0.0230
0.0216
0.0229
0.0231
0.0235
0.0233
0.0216
0.0222
0.0233
0.0237
0.0156
0.0206
0.0217
0.0223
0.0230
0.0243
0.0211
0.0221
0.0225
0.0236
0.0190
0.0233
0.0230
0.0230
0.0235
0.0255
0.0214
0.0223
0.0231
0.0234
0.0163
0.0212
0.0223
0.0227
0.0231
0.0145
0.0215
0.0211
0.0212
0.0217
0.0103
0.0213
0.0211
0.0220
0.0225
0.0102
0.0194
0.0212
0.0216
0.0219
0.0192
0.0179
0.0198
0.0212
0.0222
0.0158
0.0194
0.0204
0.0210
0.0215
0.0192
0.0216
0.0211
0.0218
0.0220
0.0165
0.0184
0.0195
0.0205
0.0209
0.0124
0.0203
0.0209
0.0217
0.0224
0.0169
0.0200
0.0196
0.0205
0.0206
0.0056
0.0191
0.0201
0.0208
0.0211
0.0246
0.0206
0.0206
0.0209
0.0208
0.0084
0.0206
0.0203
0.0209
0.0212
0.0326
0.0205
0.0205
0.0211
0.0212
0.0085
0.0179
0.0183
0.0190
0.0195
0.0214
0.0184
0.0188
0.0195
0.0201
0.0280
0.0187
0.0187
0.0200
0.0208
0.0266
0.0183
0.0180
0.0188
0.0194
0.0311
0.0190
0.0198
0.0194
0.0196
0.0076
0.0186
0.0186
0.0196
0.0204
0.0356
0.0174
0.0188
0.0192
0.0194
0.0241
0.0181
0.0185
0.0190
0.0196
0.0155
0.0164
0.0175
0.0182
0.0189
0.0123
0.0195
0.0182
0.0177
0.0189
0.0195
0.0181
0.0186
0.0189
0.0193
0.0052
0.0174
0.0188
0.0192
0.0200
0.0117
0.0179
0.0186
0.0197
0.0198
0.0123
0.0166
0.0170
0.0178
0.0186
0.0165
0.0167
0.0178
0.0188
0.0192
0.0165
0.0178
0.0176
0.0180
0.0186
0.0315
0.0176
0.0186
0.0184
0.0187
0.0185
0.0175
0.0184
0.0191
0.0192
0.0222
0.0177
0.0175
0.0182
0.0191
0.0082
0.0186
0.0187
0.0188
0.0190
0.0108
0.0159
0.0162
0.0167
0.0174
0.0073
0.0156
0.0158
0.0170
0.0177
0.0145
0.0155
0.0166
0.0177
0.0179
0.0201
0.0159
0.0168
0.0175
0.0181
0.0220
0.0161
0.0168
0.0172
0.0175
0.0104
0.0165
0.0159
0.0169
0.0177
0.0237
0.0182
0.0186
0.0183
0.0184
0.0217
0.0182
0.0173
0.0179
0.0182
0.0093
0.0151
0.0158
0.0164
0.0169
0.0110
0.0178
0.0179
0.0181
0.0184
0.0271
0.0170
0.0169
0.0172
0.0181
0.0086
0.0162
0.0166
0.0172
0.0178
0.0087
0.0146
0.0159
0.0172
0.0182
0.0104
0.0157
0.0161
0.0165
0.0170
0.0086
0.0162
0.0158
0.0165
0.0171
0.0113
0.0150
0.0169
0.0175
0.0178
0.0129
0.0150
0.0164
0.0167
0.0168
0.0040
0.0139
0.0153
0.0158
0.0167
0.0154
0.0154
0.0164
0.0169
0.0173
0.0101
0.0172
0.0164
0.0167
0.0173
0.0316
0.0147
0.0153
0.0168
0.0172
0.0121
0.0145
0.0145
0.0154
0.0161
0.0257
0.0157
0.0160
0.0166
0.0168
0.0125
0.0146
0.0155
0.0163
0.0167
0.0165
0.0149
0.0163
0.0165
0.0172
0.0165
0.0161
0.0156
0.0159
0.0163
0.0174
0.0144
0.0158
0.0168
0.0172
0.0127
0.0152
0.0158
0.0165
0.0168
0.0175
0.0158
0.0161
0.0164
0.0169
0.0117
0.0161
0.0161
0.0166
0.0171
0.0095
0.0141
0.0149
0.0151
0.0155
0.0191
0.0146
0.0151
0.0152
0.0158
0.0092
0.0155
0.0154
0.0157
0.0162
0.0102
0.0157
0.0158
0.0165
0.0166
0.0214
0.0161
0.0163
0.0162
0.0162
0.0171
0.0165
0.0154
0.0154
0.0157
0.0070
0.0148
0.0154
0.0160
0.0161
0.0081
0.0150
0.0157
0.0161
0.0167
0.0099
0.0141
0.0147
0.0152
0.0158
0.0218
0.0137
0.0134
0.0138
0.0145
0.0143
0.0132
0.0141
0.0142
0.0148
0.0173
0.0147
0.0154
0.0157
0.0162
0.0125
0.0144
0.0154
0.0161
0.0161
0.0215
0.0138
0.0148
0.0147
0.0150
0.0088
0.0152
0.0147
0.0155
0.0155
0.0066
0.0150
0.0149
0.0159
0.0160
0.0101
0.0140
0.0141
0.0143
0.0149
0.0080
0.0159
0.0160
0.0158
0.0158
0.0160
0.0146
0.0149
0.0150
0.0155
0.0129
0.0151
0.0155
0.0156
0.0157
0.0075
0.0138
0.0144
0.0142
0.0148
0.0123
0.0143
0.0152
0.0155
0.0156
0.0086
0.0126
0.0132
0.0137
0.0145
0.0149
0.0142
0.0144
0.0150
0.0160
0.0279
0.0146
0.0146
0.0150
0.0154
0.0171
0.0139
0.0140
0.0143
0.0148
0.0179
0.0132
0.0140
0.0140
0.0145
0.0189
0.0138
0.0152
0.0153
0.0154
0.0101
0.0138
0.0139
0.0140
0.0143
0.0166
0.0133
0.0141
0.0149
0.0155
0.0085
0.0147
0.0150
0.0148
0.0156
0.0066
0.0144
0.0153
0.0151
0.0152
0.0148
0.0125
0.0133
0.0137
0.0143
0.0176
0.0128
0.0133
0.0141
0.0143
0.0216
0.0146
0.0147
0.0151
0.0158
0.0075
0.0119
0.0134
0.0136
0.0140
0.0115
0.0130
0.0138
0.0144
0.0148
0.0038
0.0118
0.0124
0.0130
0.0137
0.0058
0.0136
0.0143
0.0147
0.0151
0.0259
0.0134
0.0137
0.0143
0.0150
0.0135
0.0133
0.0132
0.0138
0.0137
0.0129
0.0129
0.0136
0.0140
0.0143
0.0077
0.0131
0.0138
0.0141
0.0145
0.0176
0.0125
0.0138
0.0142
0.0144
0.0218
0.0137
0.0133
0.0143
0.0145
0.0157
0.0133
0.0141
0.0145
0.0148
0.0093
0.0135
0.0138
0.0138
0.0142
0.0113
0.0127
0.0128
0.0131
0.0135
0.0161
0.0124
0.0127
0.0127
0.0131
0.0111
0.0132
0.0133
0.0135
0.0139
0.0132
0.0140
0.0140
0.0144
0.0146
0.0195
0.0118
0.0129
0.0139
0.0149
0.0220
0.0151
0.0149
0.0149
0.0147
0.0177
0.0125
0.0119
0.0128
0.0130
0.0219
0.0127
0.0129
0.0136
0.0139
0.0091
0.0131
0.0130
0.0137
0.0140
0.0089
0.0125
0.0132
0.0139
0.0141
0.0059
0.0123
0.0134
0.0139
0.0145
0.0102
0.0130
0.0125
0.0133
0.0135
0.0041
0.0133
0.0133
0.0132
0.0135
0.0154
0.0134
0.0127
0.0127
0.0130
0.0069
0.0121
0.0116
0.0127
0.0131
0.0158
0.0128
0.0134
0.0137
0.0139
0.0061
0.0130
0.0137
0.0138
0.0139
0.0057
0.0127
0.0129
0.0139
0.0143
0.0058
0.0143
0.0146
0.0146
0.0147
0.0066
0.0122
0.0124
0.0129
0.0133
0.0064
0.0139
0.0136
0.0139
0.0139
0.0156
0.0113
0.0128
0.0133
0.0141
0.0085
0.0124
0.0122
0.0128
0.0134
0.0253
0.0126
0.0122
0.0124
0.0132
0.0155
0.0115
0.0116
0.0125
0.0127
0.0134
0.0125
0.0132
0.0138
0.0139
0.0039
0.0136
0.0127
0.0128
0.0135
0.0072
0.0123
0.0127
0.0130
0.0132
0.0112
0.0126
0.0125
0.0126
0.0130
0.0091
0.0125
0.0129
0.0139
0.0142
0.0203
0.0129
0.0132
0.0134
0.0133
0.0052
0.0127
0.0129
0.0136
0.0132
0.0196
0.0123
0.0119
0.0123
0.0125
0.0096
0.0129
0.0127
0.0128
0.0133
0.0101
0.0121
0.0125
0.0132
0.0134
0.0089
0.0107
0.0117
0.0119
0.0123
0.0122
0.0116
0.0127
0.0133
0.0134
0.0040
0.0120
0.0125
0.0131
0.0135
0.0096
0.0123
0.0135
0.0133
0.0137
0.0169
0.0137
0.0133
0.0134
0.0133
0.0086
0.0117
0.0121
0.0126
0.0127
0.0040
0.0120
0.0121
0.0127
0.0135
0.0226
0.0127
0.0128
0.0134
0.0136
0.0083
0.0110
0.0110
0.0120
0.0125
0.0074
0.0118
0.0121
0.0127
0.0128
0.0086
0.0114
0.0121
0.0120
0.0126
0.0096
0.0131
0.0136
0.0134
0.0133
0.0058
0.0106
0.0116
0.0124
0.0129
0.0174
0.0128
0.0125
0.0127
0.0131
0.0118
0.0106
0.0115
0.0118
0.0122
0.0041
0.0122
0.0125
0.0130
0.0135
0.0181
0.0131
0.0129
0.0137
0.0137
0.0084
0.0118
0.0118
0.0124
0.0127
0.0043
0.0117
0.0124
0.0125
0.0126
0.0048
0.0120
0.0121
0.0127
0.0128
0.0149
0.0112
0.0107
0.0114
0.0117
0.0078
0.0099
0.0110
0.0122
0.0124
0.0147
0.0117
0.0121
0.0124
0.0127
0.0063
0.0136
0.0127
0.0130
0.0133
0.0134
0.0123
0.0125
0.0130
0.0132
0.0230
0.0126
0.0123
0.0122
0.0126
0.0132
0.0110
0.0113
0.0118
0.0123
0.0070
0.0128
0.0121
0.0124
0.0127
0.0121
0.0113
0.0125
0.0123
0.0126
0.0179
0.0108
0.0114
0.0118
0.0123
0.0101
0.0114
0.0119
0.0122
0.0124
0.0081
0.0120
0.0125
0.0116
0.0120
0.0067
0.0107
0.0114
0.0118
0.0120
0.0208
0.0121
0.0130
0.0130
0.0130
0.0041
0.0106
0.0112
0.0120
0.0123
0.0089
0.0118
0.0129
0.0130
0.0132
0.0157
0.0108
0.0109
0.0116
0.0121
0.0170
0.0126
0.0132
0.0133
0.0135
0.0212
0.0105
0.0111
0.0120
0.0125
0.0189
0.0108
0.0112
0.0120
0.0125
0.0055
0.0117
0.0115
0.0118
0.0120
0.0188
0.0121
0.0117
0.0121
0.0127
0.0257
0.0108
0.0120
0.0121
0.0123
0.0038
0.0120
0.0118
0.0118
0.0123
0.0113
0.0122
0.0118
0.0117
0.0121
0.0094
0.0121
0.0119
0.0123
0.0126
0.0203
0.0105
0.0109
0.0119
0.0125
0.0079
0.0129
0.0119
0.0122
0.0125
0.0141
0.0114
0.0121
0.0125
0.0127
0.0054
0.0104
0.0115
0.0123
0.0123
0.0266
0.0120
0.0112
0.0118
0.0119
0.0074
0.0118
0.0115
0.0118
0.0123
0.0069
0.0105
0.0109
0.0113
0.0114
0.0260
0.0110
0.0117
0.0120
0.0123
0.0100
0.0105
0.0117
0.0123
0.0123
0.0065
0.0124
0.0118
0.0119
0.0124
0.0173
0.0093
0.0104
0.0110
0.0114
0.0069
0.0100
0.0118
0.0123
0.0126
0.0075
0.0126
0.0119
0.0123
0.0125
0.0111
0.0124
0.0125
0.0119
0.0121
0.0155
0.0096
0.0108
0.0115
0.0120
0.0054
0.0107
0.0113
0.0120
0.0121
0.0080
0.0106
0.0118
0.0128
0.0132
0.0141
0.0116
0.0114
0.0115
0.0119
0.0072
0.0108
0.0107
0.0107
0.0108
0.0097
0.0104
0.0104
0.0112
0.0112
0.0043
0.0108
0.0110
0.0112
0.0114
0.0061
0.0111
0.0117
0.0129
0.0131
0.0084
0.0105
0.0110
0.0115
0.0121
0.0093
0.0116
0.0111
0.0111
0.0115
0.0044
0.0130
0.0120
0.0122
0.0123
0.0118
0.0110
0.0119
0.0119
0.0124
0.0075
0.0102
0.0106
0.0115
0.0121
0.0179
0.0097
0.0108
0.0108
0.0112
0.0125
0.0105
0.0104
0.0113
0.0118
0.0077
0.0123
0.0118
0.0118
0.0116
0.0053
0.0108
0.0107
0.0110
0.0112
0.0027
0.0115
0.0112
0.0118
0.0120
0.0018
0.0118
0.0116
0.0111
0.0116
0.0039
0.0104
0.0108
0.0113
0.0116
0.0073
0.0111
0.0107
0.0114
0.0121
0.0021
0.0109
0.0114
0.0115
0.0115
0.0070
0.0118
0.0114
0.0116
0.0122
0.0066
0.0113
0.0110
0.0115
0.0122
0.0256
0.0105
0.0108
0.0117
0.0121
0.0087
0.0113
0.0109
0.0111
0.0113
0.0048
0.0116
0.0112
0.0111
0.0111
0.0079
0.0109
0.0115
0.0120
0.0117
0.0162
0.0106
0.0101
0.0108
0.0113
0.0115
0.0107
0.0110
0.0111
0.0113
0.0065
0.0114
0.0120
0.0120
0.0123
0.0101
0.0111
0.0111
0.0110
0.0113
0.0050
0.0098
0.0105
0.0108
0.0113
0.0092
0.0103
0.0099
0.0101
0.0105
0.0148
0.0122
0.0121
0.0120
0.0120
0.0054
0.0101
0.0115
0.0119
0.0123
0.0089
0.0113
0.0113
0.0116
0.0118
0.0046
0.0100
0.0106
0.0115
0.0120
0.0102
0.0104
0.0103
0.0107
0.0108
0.0163
0.0105
0.0103
0.0106
0.0106
0.0106
0.0105
0.0113
0.0115
0.0117
0.0076
0.0089
0.0082
0.0076
0.0071
0.0035
0.0046
0.0047
0.0044
0.0045
0.0083
0.0045
0.0040
0.0041
0.0040
0.0014
0.0037
0.0036
0.0034
0.0034
0.0007
0.0028
0.0028
0.0029
0.0028
0.0031
0.0024
0.0024
0.0024
0.0024
0.0005
0.0023
0.0022
0.0023
0.0024
0.0022
0.0022
0.0023
0.0021
0.0022
0.0050
0.0021
0.0021
0.0019
0.0019
0.0055
0.0022
0.0020
0.0019
0.0019
0.0006
0.0019
0.0016
0.0017
0.0017
0.0004
0.0013
0.0014
0.0015
0.0016
0.0049
0.0017
0.0017
0.0016
0.0016
0.0008
0.0015
0.0015
0.0016
0.0016
0.0013
0.0013
0.0013
0.0014
0.0015
0.0010
0.0012
0.0013
0.0013
0.0014
0.0007
0.0012
0.0013
0.0014
0.0014
0.0030
0.0015
0.0015
0.0015
0.0014
0.0003
0.0011
0.0013
0.0013
0.0013
0.0004
0.0011
0.0013
0.0013
0.0013
0.0057
0.0015
0.0015
0.0015
0.0014
0.0012
0.0010
0.0010
0.0011
0.0012
0.0007
0.0010
0.0012
0.0012
0.0012
0.0053
0.0013
0.0012
0.0012
0.0012
0.0004
0.0013
0.0011
0.0011
0.0011
0.0007
0.0011
0.0011
0.0011
0.0011
0.0004
0.0010
0.0010
0.0010
0.0011
0.0007
0.0010
0.0010
0.0010
0.0010
0.0005
0.0013
0.0012
0.0012
0.0011
0.0010
0.0010
0.0009
0.0010
0.0011
0.0009
0.0013
0.0012
0.0011
0.0012
0.0003
0.0010
0.0010
0.0010
0.0011
0.0007
0.0012
0.0012
0.0012
0.0012
0.0006
0.0011
0.0011
0.0011
0.0010
0.0005
0.0013
0.0011
0.0011
0.0011
0.0005
0.0010
0.0011
0.0010
0.0010
0.0007
0.0009
0.0011
0.0011
0.0011
0.0006
0.0008
0.0009
0.0010
0.0011
0.0005
0.0012
0.0012
0.0011
0.0011
0.0004
0.0010
0.0010
0.0010
0.0010
0.0008
0.0010
0.0011
0.0010
0.0010
0.0007
0.0011
0.0010
0.0011
0.0011
0.0004
0.0012
0.0010
0.0010
0.0011
0.0005
0.0012
0.0011
0.0011
0.0011
0.0010
0.0008
0.0010
0.0011
0.0011
0.0006
0.0009
0.0009
0.0010
0.0010
0.0005
0.0012
0.0012
0.0012
0.0012
0.0003
0.0009
0.0010
0.0010
0.0010
0.0014
0.0010
0.0011
0.0010
0.0010
0.0008
0.0009
0.0010
0.0010
0.0010
0.0008
0.0013
0.0012
0.0011
0.0011
0.0004
0.0009
0.0009
0.0010
0.0011
0.0003
0.0009
0.0010
0.0010
0.0010
0.0010
0.0012
0.0012
0.0011
0.0010
0.0006
0.0010
0.0011
0.0011
0.0011
0.0002
0.0012
0.0011
0.0011
0.0011
0.0007
0.0011
0.0011
0.0011
0.0011
0.0004
0.0008
0.0011
0.0011
0.0011
0.0003
0.0010
0.0010
0.0010
0.0010
0.0017
0.0010
0.0009
0.0010
0.0010
0.0004
0.0010
0.0009
0.0009
0.0009
0.0010
0.0012
0.0011
0.0011
0.0011
0.0030
0.0011
0.0011
0.0012
0.0011
0.0003
0.0010
0.0011
0.0011
0.0010
0.0004
0.0010
0.0010
0.0010
0.0010
0.0027
0.0009
0.0010
0.0010
0.0011
0.0005
0.0010
0.0010
0.0010
0.0010
0.0004
0.0010
0.0009
0.0009
0.0009
0.0004
0.0010
0.0010
0.0010
0.0010
0.0003
0.0010
0.0011
0.0011
0.0010
0.0003
0.0008
0.0010
0.0010
0.0010
0.0009
0.0012
0.0011
0.0011
0.0010
0.0002
0.0011
0.0010
0.0011
0.0011
0.0014
0.0011
0.0011
0.0011
0.0011
0.0023
0.0012
0.0011
0.0012
0.0011
0.0011
0.0009
0.0010
0.0010
0.0010
0.0008
0.0012
0.0010
0.0010
0.0010
0.0007
0.0009
0.0012
0.0012
0.0011
0.0006
0.0010
0.0011
0.0011
0.0011
0.0010
0.0008
0.0009
0.0010
0.0010
0.0028
0.0010
0.0011
0.0011
0.0011
0.0007
0.0012
0.0011
0.0011
0.0011
0.0016
0.0011
0.0010
0.0010
0.0011
0.0008
0.0009
0.0010
0.0010
0.0011
0.0006
0.0012
0.0011
0.0011
0.0011
0.0020
0.0009
0.0009
0.0009
0.0009
0.0004
0.0010
0.0010
0.0010
0.0010
0.0012
0.0008
0.0010
0.0011
0.0010
0.0006
0.0010
0.0011
0.0011
0.0011
0.0003
0.0009
0.0009
0.0010
0.0010
0.0014
0.0013
0.0012
0.0011
0.0011
0.0007
0.0010
0.0011
0.0011
0.0011
0.0009
0.0011
0.0010
0.0011
0.0011
0.0025
0.0010
0.0010
0.0010
0.0010
0.0010
0.0010
0.0010
0.0010
0.0012
0.0005
0.0011
0.0012
0.0011
0.0011
0.0011
0.0010
0.0010
0.0011
0.0011
0.0002
0.0008
0.0009
0.0009
0.0010
0.0028
0.0010
0.0010
0.0010
0.0010
0.0005
0.0010
0.0010
0.0010
0.0010
0.0002
0.0008
0.0009
0.0009
0.0009
0.0011
0.0009
0.0009
0.0009
0.0009
0.0096
0.0010
0.0010
0.0009
0.0009
0.0015
0.0007
0.0008
0.0008
0.0008
0.0002
0.0008
0.0008
0.0009
0.0008
0.0002
0.0009
0.0009
0.0008
0.0008
0.0004
0.0007
0.0008
0.0007
0.0007
0.0004
0.0008
0.0008
0.0008
0.0008
0.0003
0.0006
0.0008
0.0008
0.0008
0.0002
0.0006
0.0007
0.0008
0.0008
0.0004
0.0009
0.0008
0.0007
0.0007
0.0003
0.0006
0.0008
0.0008
0.0007
0.0002
0.0007
0.0008
0.0007
0.0007
0.0028
0.0007
0.0008
0.0007
0.0007
0.0004
0.0006
0.0006
0.0007
0.0007
0.0002
0.0008
0.0007
0.0007
0.0007
0.0002
0.0007
0.0007
0.0007
0.0007
0.0005
0.0007
0.0006
0.0007
0.0007
0.0004
0.0009
0.0008
0.0007
0.0007
0.0011
0.0006
0.0006
0.0006
0.0007
0.0002
0.0007
0.0007
0.0007
0.0007
0.0003
0.0006
0.0007
0.0007
0.0007
0.0007
0.0008
0.0007
0.0007
0.0007
0.0005
0.0005
0.0006
0.0007
0.0007
0.0002
0.0008
0.0008
0.0008
0.0007
0.0003
0.0007
0.0008
0.0008
0.0007
0.0011
0.0006
0.0007
0.0007
0.0007
0.0002
0.0008
0.0008
0.0007
0.0008
0.0006
0.0006
0.0007
0.0007
0.0007
0.0004
0.0007
0.0007
0.0007
0.0007
0.0004
0.0007
0.0008
0.0007
0.0007
0.0004
0.0006
0.0006
0.0006
0.0007
0.0003
0.0006
0.0007
0.0007
0.0007
0.0006
0.0006
0.0007
0.0007
0.0007
0.0002
0.0008
0.0007
0.0006
0.0007
0.0002
0.0006
0.0007
0.0007
0.0007
0.0005
0.0005
0.0007
0.0006
0.0007
0.0003
0.0007
0.0007
0.0006
0.0007
0.0036
0.0008
0.0007
0.0007
0.0007
0.0003
0.0007
0.0006
0.0007
0.0007
0.0004
0.0006
0.0006
0.0007
0.0007
0.0002
0.0007
0.0007
0.0007
0.0007
0.0002
0.0006
0.0007
0.0007
0.0007
0.0004
0.0007
0.0007
0.0007
0.0007
0.0005
0.0008
0.0007
0.0006
0.0007
0.0008
0.0007
0.0007
0.0007
0.0007
0.0005
0.0007
0.0007
0.0007
0.0007
0.0003
0.0007
0.0006
0.0007
0.0007
0.0003
0.0008
0.0007
0.0007
0.0007
0.0003
0.0007
0.0006
0.0007
0.0007
0.0003
0.0006
0.0007
0.0007
0.0007
0.0004
0.0007
0.0007
0.0007
0.0007
0.0004
0.0005
0.0006
0.0007
0.0006
0.0003
0.0008
0.0008
0.0008
0.0007
0.0011
0.0006
0.0006
0.0006
0.0007
0.0005
0.0006
0.0008
0.0007
0.0007
0.0005
0.0007
0.0007
0.0007
0.0007
0.0004
0.0007
0.0007
0.0007
0.0007
0.0003
0.0007
0.0006
0.0007
0.0007
0.0007
0.0006
0.0006
0.0007
0.0007
0.0002
0.0006
0.0006
0.0006
0.0007
0.0003
0.0008
0.0008
0.0007
0.0007
0.0004
0.0007
0.0007
0.0007
0.0007
0.0005
0.0006
0.0007
0.0006
0.0006
0.0004
0.0008
0.0007
0.0007
0.0006
0.0003
0.0007
0.0007
0.0007
0.0007
0.0009
0.0006
0.0007
0.0007
0.0007
0.0004
0.0008
0.0007
0.0007
0.0007
0.0002
0.0007
0.0007
0.0007
0.0007
0.0002
0.0007
0.0007
0.0007
0.0007
0.0016
0.0009
0.0008
0.0008
0.0007
0.0006
0.0006
0.0007
0.0007
0.0007
0.0004
0.0009
0.0008
0.0007
0.0007
0.0005
0.0006
0.0007
0.0007
0.0007
0.0006
0.0007
0.0006
0.0007
0.0007
0.0004
0.0008
0.0007
0.0007
0.0007
0.0003
0.0006
0.0006
0.0007
0.0007
0.0006
0.0006
0.0006
0.0007
0.0007
0.0004
0.0008
0.0007
0.0007
0.0007
0.0003
0.0005
0.0006
0.0006
0.0006
0.0003
0.0008
0.0007
0.0007
0.0006
0.0002
0.0006
0.0006
0.0007
0.0007
0.0004
0.0007
0.0007
0.0007
0.0007
0.0002
0.0006
0.0007
0.0006
0.0007
0.0004
0.0006
0.0006
0.0007
0.0007
0.0003
0.0005
0.0006
0.0007
0.0007
0.0007
0.0007
0.0007
0.0007
0.0007
0.0005
0.0007
0.0007
0.0007
0.0007
0.0005
0.0007
0.0007
0.0007
0.0007
0.0006
0.0007
0.0006
0.0007
0.0007
0.0007
0.0007
0.0007
0.0007
0.0007
0.0006
0.0007
0.0007
0.0007
0.0007
0.0005
0.0007
0.0006
0.0006
0.0006
0.0003
0.0007
0.0006
0.0007
0.0007
0.0003
0.0007
0.0007
0.0007
0.0007
0.0009
0.0006
0.0006
0.0007
0.0007
0.0007
0.0006
0.0006
0.0007
0.0007
0.0003
0.0007
0.0006
0.0007
0.0007
0.0004
0.0008
0.0007
0.0007
0.0007
0.0003
0.0008
0.0008
0.0008
0.0007
0.0002
0.0007
0.0006
0.0007
0.0007
0.0010
0.0006
0.0007
0.0007
0.0007
0.0006
0.0006
0.0006
0.0007
0.0007
0.0003
0.0009
0.0007
0.0007
0.0006
0.0005
0.0007
0.0007
0.0007
0.0007
0.0004
0.0007
0.0007
0.0007
0.0007
0.0004
0.0006
0.0006
0.0006
0.0006
0.0002
0.0007
0.0007
0.0007
0.0007
0.0008
0.0007
0.0006
0.0006
0.0006
0.0004
0.0006
0.0006
0.0006
0.0006
0.0006
0.0006
0.0007
0.0007
0.0007
0.0002
0.0006
0.0006
0.0006
0.0007
0.0002
0.0007
0.0006
0.0006
0.0006
0.0004
0.0007
0.0007
0.0007
0.0006
0.0003
0.0007
0.0006
0.0006
0.0007
0.0005
0.0007
0.0007
0.0007
0.0007
0.0002
0.0006
0.0006
0.0006
0.0006
0.0003
0.0007
0.0007
0.0006
0.0007
0.0002
0.0006
0.0007
0.0007
0.0007
0.0005
0.0007
0.0007
0.0007
0.0007
0.0003
0.0005
0.0006
0.0007
0.0007
0.0002
0.0006
0.0006
0.0006
0.0006
0.0004
0.0005
0.0006
0.0006
0.0006
0.0004
0.0008
0.0006
0.0006
0.0007
0.0010
0.0007
0.0006
0.0006
0.0007
0.0003
0.0006
0.0006
0.0006
0.0007
0.0005
0.0007
0.0007
0.0007
0.0007
0.0009
0.0006
0.0007
0.0007
0.0007
0.0003
0.0005
0.0007
0.0007
0.0007
0.0004
0.0006
0.0006
0.0006
0.0006
0.0003
0.0006
0.0006
0.0007
0.0007
0.0009
0.0006
0.0006
0.0006
0.0006
0.0006
0.0006
0.0006
0.0007
0.0007
0.0005
0.0008
0.0007
0.0007
0.0007
0.0004
0.0007
0.0006
0.0007
0.0007
0.0006
0.0005
0.0007
0.0007
0.0007
0.0004
0.0006
0.0007
0.0007
0.0007
0.0011
0.0008
0.0007
0.0007
0.0006
0.0006
0.0007
0.0006
0.0007
0.0006
0.0006
0.0005
0.0007
0.0006
0.0007
0.0003
0.0006
0.0007
0.0007
0.0007
0.0008
0.0007
0.0007
0.0007
0.0007
0.0006
0.0005
0.0006
0.0007
0.0007
0.0016
0.0006
0.0007
0.0007
0.0007
0.0005
0.0006
0.0006
0.0007
0.0006
0.0003
0.0007
0.0006
0.0007
0.0006
0.0004
0.0005
0.0007
0.0006
0.0007
0.0002
0.0005
0.0006
0.0006
0.0006
0.0003
0.0006
0.0006
0.0006
0.0007