13
5.3968
3.7792
3.1712
2.8723
1.8995
1.8148
1.7971
1.7743
1.7571
1.7622
1.6842
1.6799
1.6691
1.6569
1.6666
1.6136
1.5953
1.5876
1.5826
1.5326
1.5495
1.5434
1.5342
1.5299
1.4118
1.5002
1.4873
1.4808
1.4762
1.3782
1.4489
1.4355
1.4325
1.4342
1.3244
1.4143
1.4070
1.4015
1.3976
1.3082
1.3711
1.3634
1.3544
1.3529
1.2042
1.3255
1.3212
1.3234
1.3188
1.3369
1.2855
1.2899
1.2845
1.2815
1.0231
1.2516
1.2583
1.2558
1.2531
1.1644
1.2321
1.2294
1.2255
1.2249
1.1534
1.2121
1.2017
1.1974
1.1942
1.2718
1.1721
1.1729
1.1716
1.1687
1.0939
1.1457
1.1434
1.1404
1.1376
1.1837
1.1280
1.1265
1.1281
1.1213
1.0095
1.1001
1.1051
1.1038
1.0972
1.0804
1.0818
1.0819
1.0816
1.0783
1.0295
1.0455
1.0485
1.0555
1.0535
1.0991
1.0434
1.0335
1.0297
1.0314
1.0373
1.0270
1.0134
1.0119
1.0105
0.9598
0.9873
0.9861
0.9889
0.9884
0.9423
0.9828
0.9791
0.9766
0.9774
0.9167
0.9697
0.9665
0.9604
0.9598
0.8290
0.9319
0.9359
0.9402
0.9420
0.9479
0.9206
0.9188
0.9249
0.9261
1.0074
0.9057
0.9103
0.9143
0.9115
0.8622
0.9159
0.9052
0.9020
0.9009
0.8643
0.8711
0.8823
0.8767
0.8789
0.9342
0.8808
0.8780
0.8737
0.8714
0.7714
0.8544
0.8574
0.8587
0.8593
0.8311
0.8427
0.8464
0.8430
0.8437
0.7583
0.8324
0.8333
0.8329
0.8339
0.8106
0.8165
0.8197
0.8206
0.8244
0.7471
0.8179
0.8235
0.8213
0.8184
0.9384
0.8029
0.8000
0.8000
0.8003
0.7448
0.7950
0.7968
0.7979
0.7973
0.9251
0.7837
0.7901
0.7902
0.7845
0.7847
0.7775
0.7769
0.7767
0.7761
0.8260
0.7681
0.7749
0.7731
0.7724
0.7055
0.7612
0.7617
0.7610
0.7611
0.7778
0.7491
0.7496
0.7483
0.7503
0.8288
0.7421
0.7450
0.7442
0.7473
0.6878
0.7325
0.7292
0.7333
0.7353
0.8506
0.7198
0.7276
0.7331
0.7284
0.7345
0.7287
0.7324
0.7297
0.7260
0.8512
0.7270
0.7240
0.7178
0.7202
0.7303
0.7141
0.7182
0.7157
0.7125
0.6921
0.7127
0.7071
0.7084
0.7087
0.5831
0.6894
0.6939
0.6945
0.6961
0.6414
0.6863
0.6857
0.6909
0.6913
0.5864
0.6954
0.6882
0.6913
0.6898
0.7001
0.6946
0.6871
0.6869
0.6849
0.6206
0.6719
0.6786
0.6787
0.6813
0.5857
0.6820
0.6782
0.6747
0.6738
0.6991
0.6823
0.6745
0.6668
0.6661
0.7184
0.6617
0.6597
0.6570
0.6590
0.5577
0.6534
0.6621
0.6579
0.6572
0.5922
0.6411
0.6451
0.6483
0.6494
0.7230
0.6577
0.6521
0.6484
0.6419
0.5443
0.6310
0.6321
0.6319
0.6335
0.6547
0.6415
0.6353
0.6345
0.6353
0.6524
0.6282
0.6315
0.6324
0.6327
0.5326
0.6265
0.6241
0.6237
0.6248
0.7011
0.6289
0.6246
0.6235
0.6247
0.5628
0.6238
0.6250
0.6173
0.6183
0.7582
0.6126
0.6088
0.6095
0.6107
0.6647
0.6074
0.6068
0.6072
0.6055
0.7795
0.6105
0.6032
0.6049
0.6066
0.5417
0.6076
0.6016
0.6036
0.6049
0.7570
0.6102
0.5999
0.6003
0.6012
0.6975
0.5980
0.5971
0.5971
0.5936
0.5064
0.5824
0.5857
0.5853
0.5878
0.5469
0.5806
0.5801
0.5780
0.5845
0.5696
0.5846
0.5831
0.5816
0.5835
0.6105
0.5786
0.5752
0.5805
0.5802
0.7182
0.5757
0.5703
0.5727
0.5734
0.5661
0.5843
0.5730
0.5723
0.5714
0.5450
0.5750
0.5625
0.5624
0.5664
0.4147
0.5498
0.5630
0.5673
0.5652
0.4603
0.5613
0.5572
0.5608
0.5595
0.5296
0.5473
0.5511
0.5543
0.5563
0.6348
0.5567
0.5560
0.5514
0.5532
0.5001
0.5528
0.5593
0.5534
0.5551
0.4842
0.5441
0.5451
0.5484
0.5491
0.5164
0.5387
0.5411
0.5414
0.5431
0.5806
0.5484
0.5512
0.5502
0.5462
0.6252
0.5427
0.5420
0.5436
0.5395
0.4469
0.5440
0.5377
0.5366
0.5373
0.4934
0.5271
0.5272
0.5326
0.5350
0.4578
0.5342
0.5289
0.5300
0.5270
0.5368
0.5117
0.5154
0.5221
0.5208
0.4141
0.5389
0.5278
0.5229
0.5233
0.7411
0.5139
0.5159
0.5185
0.5215
0.5313
0.5213
0.5205
0.5224
0.5209
0.6918
0.5125
0.5150
0.5161
0.5151
0.4913
0.5092
0.5076
0.5111
0.5131
0.4716
0.5112
0.5126
0.5100
0.5094
0.5029
0.5054
0.5003
0.5026
0.5066
0.4686
0.5094
0.5073
0.5037
0.5057
0.3742
0.4927
0.4997
0.5039
0.5042
0.4657
0.5042
0.5046
0.5036
0.5025
0.4879
0.4897
0.4987
0.4999
0.5016
0.4262
0.4848
0.4908
0.4934
0.4953
0.3109
0.4940
0.4985
0.4942
0.4969
0.5969
0.4844
0.4911
0.4936
0.4918
0.5463
0.4911
0.4845
0.4866
0.4878
0.5098
0.4823
0.4855
0.4820
0.4848
0.4433
0.4776
0.4830
0.4822
0.4829
0.3757
0.4750
0.4793
0.4796
0.4818
0.4248
0.4754
0.4812
0.4779
0.4791
0.5040
0.4853
0.4781
0.4762
0.4800
0.4457
0.4711
0.4683
0.4722
0.4737
0.4506
0.4665
0.4704
0.4734
0.4772
0.4456
0.4664
0.4740
0.4767
0.4750
0.6101
0.4678
0.4672
0.4678
0.4697
0.4365
0.4595
0.4619
0.4628
0.4664
0.3653
0.4481
0.4543
0.4583
0.4628
0.5386
0.4555
0.4630
0.4633
0.4628
0.4826
0.4471
0.4530
0.4557
0.4574
0.4514
0.4555
0.4635
0.4583
0.4593
0.5758
0.4566
0.4540
0.4593
0.4578
0.3376
0.4650
0.4559
0.4558
0.4567
0.3695
0.4542
0.4494
0.4538
0.4537
0.6347
0.4545
0.4530
0.4507
0.4496
0.4590
0.4476
0.4470
0.4496
0.4509
0.3841
0.4363
0.4415
0.4450
0.4462
0.4150
0.4444
0.4398
0.4414
0.4475
0.3220
0.4450
0.4427
0.4394
0.4422
0.3923
0.4389
0.4397
0.4383
0.4402
0.3399
0.4418
0.4377
0.4394
0.4377
0.4686
0.4427
0.4401
0.4412
0.4420
0.5144
0.4414
0.4384
0.4362
0.4362
0.4458
0.4334
0.4307
0.4352
0.4351
0.3174
0.4212
0.4274
0.4248
0.4281
0.3618
0.4202
0.4183
0.4236
0.4295
0.4106
0.4156
0.4242
0.4287
0.4290
0.5302
0.4272
0.4274
0.4296
0.4254
0.3781
0.4311
0.4284
0.4326
0.4335
0.2362
0.4116
0.4172
0.4192
0.4192
0.4252
0.4301
0.4259
0.4234
0.4202
0.5227
0.4235
0.4236
0.4234
0.4222
0.4333
0.4238
0.4229
0.4207
0.4189
0.5438
0.4077
0.4168
0.4168
0.4186
0.4518
0.4150
0.4134
0.4129
0.4115
0.3099
0.4203
0.4123
0.4146
0.4146
0.3960
0.4171
0.4143
0.4132
0.4144
0.4273
0.4106
0.4118
0.4135
0.4117
0.4455
0.4015
0.4075
0.4099
0.4104
0.3208
0.3999
0.4053
0.4120
0.4129
0.6754
0.4030
0.3924
0.3908
0.3860
0.4144
0.3853
0.3798
0.3765
0.3770
0.2957
0.3733
0.3748
0.3726
0.3739
0.4392
0.3740
0.3716
0.3743
0.3762
0.3334
0.3653
0.3691
0.3713
0.3698
0.3675
0.3821
0.3755
0.3744
0.3742
0.4009
0.3722
0.3784
0.3773
0.3754
0.3765
0.3703
0.3730
0.3701
0.3712
0.3918
0.3692
0.3727
0.3711
0.3714
0.4356
0.3609
0.3621
0.3649
0.3671
0.3891
0.3724
0.3688
0.3721
0.3706
0.3824
0.3657
0.3662
0.3714
0.3706
0.3797
0.3851
0.3794
0.3737
0.3722
0.3743
0.3662
0.3639
0.3627
0.3649
0.3612
0.3709
0.3724
0.3691
0.3686
0.3053
0.3713
0.3651
0.3713
0.3712
0.3837
0.3615
0.3620
0.3653
0.3665
0.4254
0.3730
0.3695
0.3698
0.3681
0.3570
0.3648
0.3685
0.3721
0.3707
0.3570
0.3589
0.3619
0.3646
0.3661
0.3808
0.3721
0.3729
0.3701
0.3691
0.3298
0.3608
0.3661
0.3680
0.3693
0.2834
0.3618
0.3669
0.3654
0.3652
0.3963
0.3646
0.3647
0.3639
0.3662
0.3173
0.3585
0.3657
0.3669
0.3656
0.4483
0.3669
0.3689
0.3648
0.3639
0.5304
0.3556
0.3651
0.3662
0.3678
0.3602
0.3555
0.3635
0.3638
0.3675
0.3487
0.3641
0.3643
0.3628
0.3629
0.3168
0.3556
0.3587
0.3573
0.3614
0.3146
0.3628
0.3624
0.3619
0.3645
0.3346
0.3695
0.3647
0.3631
0.3642
0.3778
0.3693
0.3662
0.3641
0.3640
0.3175
0.3532
0.3626
0.3617
0.3635
0.3217
0.3644
0.3585
0.3628
0.3643
0.2814
0.3632
0.3626
0.3646
0.3618
0.4645
0.3566
0.3631
0.3641
0.3609
0.3962
0.3629
0.3676
0.3684
0.3654
0.3011
0.3667
0.3624
0.3657
0.3632
0.4058
0.3499
0.3555
0.3566
0.3585
0.3461
0.3572
0.3540
0.3574
0.3589
0.3014
0.3551
0.3628
0.3619
0.3614
0.3481
0.3554
0.3615
0.3610
0.3616
0.2942
0.3658
0.3654
0.3668
0.3643
0.3785
0.3526
0.3615
0.3649
0.3631
0.3054
0.3579
0.3555
0.3580
0.3606
0.3020
0.3593
0.3634
0.3625
0.3623
0.4356
0.3710
0.3623
0.3611
0.3610
0.3439
0.3521
0.3601
0.3600
0.3598
0.2640
0.3540
0.3529
0.3572
0.3592
0.3797
0.3538
0.3578
0.3550
0.3546
0.3050
0.3620
0.3572
0.3602
0.3567
0.3613
0.3480
0.3563
0.3541
0.3550
0.2958
0.3552
0.3597
0.3599
0.3573
0.3272
0.3561
0.3567
0.3538
0.3548
0.2859
0.3507
0.3534
0.3539
0.3543
0.3048
0.3601
0.3635
0.3609
0.3576
0.4247
0.3565
0.3555
0.3554
0.3553
0.3722
0.3609
0.3553
0.3568
0.3568
0.3498
0.3531
0.3588
0.3561
0.3571
0.2432
0.3512
0.3522
0.3548
0.3553
0.3866
0.3581
0.3553
0.3556
0.3563
0.4234
0.3470
0.3525
0.3529
0.3547
0.3393
0.3595
0.3577
0.3581
0.3574
0.3597
0.3552
0.3547
0.3574
0.3550
0.3852
0.3475
0.3491
0.3509
0.3530
0.3165
0.3534
0.3596
0.3598
0.3592
0.4029
0.3564
0.3596
0.3587
0.3570
0.3607
0.3600
0.3574
0.3581
0.3562
0.2914
0.3568
0.3572
0.3611
0.3605
0.3312
0.3541
0.3554
0.3549
0.3556
0.3812
0.3670
0.3587
0.3549
0.3522
0.4618
0.3519
0.3490
0.3544
0.3554
0.2833
0.3512
0.3585
0.3585
0.3573
0.4974
0.3530
0.3539
0.3576
0.3556
0.3258
0.3570
0.3546
0.3578
0.3566
0.3900
0.3505
0.3481
0.3518
0.3515
0.3978
0.3533
0.3529
0.3551
0.3539
0.3867
0.3690
0.3630
0.3592
0.3565
0.3384
0.3587
0.3586
0.3573
0.3564
0.3503
0.3580
0.3543
0.3552
0.3544
0.4440
0.3542
0.3597
0.3579
0.3543
0.2919
0.3608
0.3592
0.3572
0.3547
0.3156
0.3495
0.3568
0.3540
0.3547
0.3278
0.3585
0.3623
0.3577
0.3540
0.3592
0.3506
0.3494
0.3501
0.3523
0.3914
0.3493
0.3565
0.3559
0.3537
0.3158
0.3557
0.3546
0.3562
0.3562
0.3272
0.3548
0.3581
0.3565
0.3567
0.4014
0.3549
0.3584
0.3573
0.3577
0.4159
0.3620
0.3603
0.3562
0.3565
0.3075
0.3499
0.3497
0.3513
0.3524
0.4277
0.3566
0.3568
0.3556
0.3529
0.3863
0.3567
0.3597
0.3566
0.3548
0.3110
0.3545
0.3524
0.3513
0.3499
0.3879
0.3572
0.3538
0.3508
0.3552
0.4028
0.3604
0.3600
0.3553
0.3540
0.3979
0.3550
0.3545
0.3580
0.3589
0.4116
0.3513
0.3521
0.3553
0.3553
0.2967
0.3506
0.3494
0.3512
0.3547
0.2958
0.3597
0.3606
0.3550
0.3545
0.2624
0.3574
0.3576
0.3536
0.3527
0.2672
0.3501
0.3464
0.3504
0.3524
0.2988
0.3642
0.3587
0.3612
0.3591
0.5085
0.3528
0.3544
0.3557
0.3570
0.3429
0.3510
0.3536
0.3530
0.3535
0.4245
0.3588
0.3502
0.3516
0.3527
0.2931
0.3592
0.3527
0.3551
0.3554
0.3841
0.3532
0.3536
0.3503
0.3540
0.4068
0.3543
0.3515
0.3517
0.3534
0.4050
0.3592
0.3597
0.3584
0.3549
0.3734
0.3521
0.3533
0.3538
0.3557
0.3575
0.3590
0.3545
0.3525
0.3537
0.3196
0.3425
0.3493
0.3513
0.3542
0.2648
0.3440
0.3513
0.3507
0.3532
0.3424
0.3435
0.3510
0.3510
0.3536
0.2963
0.3421
0.3492
0.3532
0.3525
0.3569
0.3540
0.3540
0.3554
0.3565
0.3675
0.3533
0.3550
0.3550
0.3561
0.4752
0.3519
0.3522
0.3562
0.3544
0.3133
0.3533
0.3518
0.3522
0.3503
0.3556
0.3497
0.3459
0.3495
0.3532
0.3354
0.3539
0.3529
0.3526
0.3522
0.4647
0.3570
0.3547
0.3564
0.3561
0.3696
0.3419
0.3418
0.3485
0.3503
0.3148
0.3551
0.3592
0.3596
0.3585
0.3631
0.3528
0.3549
0.3565
0.3529
0.2606
0.3481
0.3592
0.3542
0.3527
0.2627
0.3536
0.3534
0.3521
0.3551
0.2985
0.3555
0.3489
0.3522
0.3522
0.3153
0.3528
0.3523
0.3508
0.3543
0.4777
0.3452
0.3477
0.3486
0.3520
0.4200
0.3500
0.3483
0.3485
0.3501
0.2450
0.3503
0.3479
0.3516
0.3541
0.3211
0.3579
0.3556
0.3511
0.3537
0.3673
0.3586
0.3534
0.3528
0.3520
0.3085
0.3554
0.3526
0.3532
0.3526
0.3363
0.3520
0.3571
0.3592
0.3543
0.3876
0.3540
0.3592
0.3586
0.3568
0.4867
0.3414
0.3482
0.3517
0.3514
0.3710
0.3555
0.3524
0.3502
0.3566
0.2956
0.3649
0.3593
0.3562
0.3553
0.4009
0.3550
0.3547
0.3530
0.3565
0.3657
0.3478
0.3505
0.3492
0.3533
0.4022
0.3592
0.3576
0.3567
0.3535
0.3560
0.3554
0.3575
0.3576
0.3545
0.2875
0.3466
0.3529
0.3512
0.3487
0.1803
0.3502
0.3499
0.3522
0.3534
0.2781
0.3500
0.3494
0.3502
0.3520
