0.5574
0.4708
0.4446
0.4281
0.4171
0.3687
0.3655
0.3623
0.3582
0.3553
0.3312
0.3362
0.3325
0.3309
0.3298
0.3103
0.3135
0.3120
0.3097
0.3087
0.3274
0.2977
0.2959
0.2936
0.2922
0.2851
0.2786
0.2775
0.2764
0.2759
0.2373
0.2637
0.2626
0.2620
0.2607
0.2619
0.2471
0.2479
0.2477
0.2474
0.2451
0.2350
0.2358
0.2348
0.2352
0.2220
0.2255
0.2261
0.2252
0.2250
0.2096
0.2150
0.2144
0.2146
0.2145
0.1817
0.2066
0.2065
0.2059
0.2063
0.1834
0.1994
0.1991
0.1988
0.1987
0.1625
0.1865
0.1891
0.1905
0.1908
0.1815
0.1837
0.1834
0.1841
0.1840
0.1768
0.1766
0.1764
0.1773
0.1777
0.1413
0.1679
0.1709
0.1707
0.1713
0.1530
0.1637
0.1648
0.1665
0.1659
0.1485
0.1603
0.1602
0.1602
0.1603
0.1674
0.1527
0.1530
0.1538
0.1549
0.1577
0.1494
0.1495
0.1499
0.1508
0.1397
0.1459
0.1465
0.1460
0.1460
0.1436
0.1393
0.1394
0.1413
0.1419
0.1243
0.1356
0.1374
0.1379
0.1379
0.1204
0.1299
0.1315
0.1336
0.1341
0.1085
0.1306
0.1296
0.1290
0.1295
0.1249
0.1231
0.1241
0.1257
0.1263
0.1103
0.1217
0.1226
0.1226
0.1232
0.1179
0.1167
0.1189
0.1191
0.1194
0.1126
0.1133
0.1152
0.1160
0.1167
0.1139
0.1088
0.1108
0.1125
0.1132
0.1113
0.1060
0.1072
0.1090
0.1096
0.0840
0.1029
0.1060
0.1068
0.1075
0.1109
0.0981
0.1014
0.1031
0.1039
0.0746
0.1002
0.1007
0.1016
0.1020
0.0975
0.0956
0.0965
0.0981
0.0993
0.1144
0.0936
0.0944
0.0957
0.0969
0.0724
0.0906
0.0911
0.0931
0.0939
0.1007
0.0891
0.0897
0.0909
0.0921
0.0955
0.0881
0.0880
0.0892
0.0902
0.1048
0.0836
0.0856
0.0869
0.0877
0.1036
0.0817
0.0836
0.0854
0.0859
0.0640
0.0793
0.0823
0.0827
0.0840
0.0775
0.0798
0.0809
0.0816
0.0822
0.0708
0.0766
0.0777
0.0789
0.0800
0.0818
0.0770
0.0776
0.0778
0.0784
0.0808
0.0742
0.0751
0.0761
0.0770
0.0646
0.0695
0.0718
0.0739
0.0754
0.0627
0.0710
0.0729
0.0744
0.0748
0.0651
0.0691
0.0709
0.0720
0.0728
0.0513
0.0683
0.0702
0.0713
0.0717
0.0627
0.0655
0.0672
0.0683
0.0696
0.0601
0.0661
0.0672
0.0683
0.0691
0.0529
0.0633
0.0651
0.0665
0.0675
0.0595
0.0640
0.0646
0.0656
0.0666
0.0523
0.0613
0.0628
0.0644
0.0654
0.0457
0.0607
0.0620
0.0627
0.0638
0.0548
0.0596
0.0613
0.0627
0.0635
0.0516
0.0596
0.0611
0.0621
0.0631
0.0511
0.0570
0.0584
0.0599
0.0612
0.0470
0.0567
0.0587
0.0598
0.0609
0.0490
0.0553
0.0571
0.0582
0.0592
0.0589
0.0550
0.0566
0.0577
0.0588
0.0384
0.0551
0.0557
0.0570
0.0580
0.0556
0.0541
0.0545
0.0556
0.0565
0.0589
0.0541
0.0550
0.0554
0.0563
0.0528
0.0517
0.0532
0.0542
0.0550
0.0478
0.0516
0.0534
0.0542
0.0551
0.0543
0.0506
0.0523
0.0529
0.0538
0.0547
0.0509
0.0515
0.0521
0.0535
0.0422
0.0506
0.0510
0.0523
0.0532
0.0328
0.0487
0.0502
0.0513
0.0519
0.0423
0.0487
0.0505
0.0517
0.0524
0.0505
0.0474
0.0493
0.0504
0.0513
0.0498
0.0470
0.0485
0.0496
0.0506
0.0608
0.0480
0.0488
0.0495
0.0503
0.0535
0.0467
0.0481
0.0491
0.0504
0.0420
0.0455
0.0467
0.0478
0.0486
0.0455
0.0453
0.0466
0.0477
0.0486
0.0359
0.0461
0.0471
0.0478
0.0485
0.0502
0.0442
0.0462
0.0472
0.0476
0.0518
0.0452
0.0454
0.0465
0.0474
0.0394
0.0442
0.0448
0.0457
0.0469
0.0382
0.0437
0.0446
0.0461
0.0472
0.0408
0.0426
0.0440
0.0449
0.0460
0.0329
0.0429
0.0437
0.0446
0.0457
0.0394
0.0422
0.0439
0.0451
0.0460
0.0378
0.0422
0.0425
0.0438
0.0447
0.0472
0.0422
0.0430
0.0440
0.0451
0.0367
0.0412
0.0424
0.0439
0.0445
0.0393
0.0420
0.0428
0.0433
0.0442
0.0433
0.0400
0.0414
0.0426
0.0434
0.0400
0.0405
0.0413
0.0422
0.0431
0.0371
0.0421
0.0427
0.0436
0.0444
0.0359
0.0399
0.0411
0.0421
0.0431
0.0470
0.0403
0.0412
0.0421
0.0430
0.0451
0.0400
0.0408
0.0418
0.0423
0.0372
0.0395
0.0397
0.0413
0.0421
0.0368
0.0385
0.0393
0.0409
0.0416
0.0334
0.0393
0.0401
0.0411
0.0419
0.0319
0.0394
0.0398
0.0407
0.0418
0.0437
0.0383
0.0390
0.0398
0.0407
0.0398
0.0386
0.0392
0.0401
0.0412
0.0411
0.0389
0.0391
0.0404
0.0411
0.0487
0.0386
0.0389
0.0401
0.0411
0.0300
0.0373
0.0388
0.0398
0.0405
0.0328
0.0366
0.0376
0.0389
0.0394
0.0281
0.0373
0.0382
0.0391
0.0399
0.0363
0.0376
0.0382
0.0387
0.0395
0.0312
0.0356
0.0372
0.0384
0.0392
0.0333
0.0355
0.0368
0.0378
0.0385
0.0498
0.0365
0.0371
0.0382
0.0390
0.0525
0.0366
0.0376
0.0383
0.0393
0.0405
0.0370
0.0371
0.0380
0.0387
0.0292
0.0351
0.0365
0.0376
0.0386
0.0337
0.0359
0.0367
0.0376
0.0381
0.0349
0.0354
0.0358
0.0369
0.0379
0.0365
0.0357
0.0363
0.0369
0.0379
0.0379
0.0350
0.0360
0.0373
0.0380
0.0289
0.0342
0.0355
0.0365
0.0373
0.0328
0.0342
0.0358
0.0364
0.0373
0.0351
0.0348
0.0350
0.0357
0.0363
0.0323
0.0352
0.0358
0.0363
0.0372
0.0360
0.0353
0.0356
0.0366
0.0374
0.0420
0.0353
0.0365
0.0368
0.0372
0.0344
0.0346
0.0350
0.0357
0.0366
0.0401
0.0343
0.0349
0.0358
0.0365
0.0349
0.0345
0.0352
0.0361
0.0369
0.0284
0.0350
0.0351
0.0351
0.0358
0.0279
0.0334
0.0341
0.0353
0.0362
0.0343
0.0338
0.0341
0.0350
0.0360
0.0337
0.0332
0.0344
0.0356
0.0363
0.0310
0.0336
0.0345
0.0353
0.0362
0.0323
0.0337
0.0340
0.0349
0.0358
0.0450
0.0341
0.0349
0.0356
0.0363
0.0376
0.0325
0.0329
0.0343
0.0353
0.0337
0.0325
0.0337
0.0344
0.0353
0.0314
0.0321
0.0331
0.0343
0.0349
0.0324
0.0321
0.0332
0.0341
0.0351
0.0484
0.0324
0.0333
0.0336
0.0347
0.0372
0.0336
0.0332
0.0340
0.0349
0.0323
0.0337
0.0341
0.0348
0.0356
0.0330
0.0323
0.0332
0.0340
0.0350
0.0257
0.0323
0.0333
0.0339
0.0345
0.0343
0.0328
0.0328
0.0333
0.0341
0.0263
0.0314
0.0325
0.0333
0.0337
0.0360
0.0315
0.0322
0.0333
0.0342
0.0313
0.0332
0.0329
0.0335
0.0343
0.0407
0.0325
0.0332
0.0338
0.0345
0.0283
0.0313
0.0315
0.0327
0.0337
0.0397
0.0308
0.0321
0.0330
0.0333
0.0322
0.0315
0.0318
0.0329
0.0337
0.0427
0.0307
0.0321
0.0334
0.0340
0.0303
0.0312
0.0316
0.0319
0.0330
0.0354
0.0310
0.0319
0.0326
0.0332
0.0435
0.0311
0.0320
0.0328
0.0333
0.0432
0.0305
0.0315
0.0322
0.0330
0.0317
0.0302
0.0312
0.0319
0.0329
0.0334
0.0306
0.0315
0.0321
0.0329
0.0274
0.0310
0.0314
0.0322
0.0330
0.0314
0.0313
0.0316
0.0325
0.0328
0.0340
0.0304
0.0313
0.0322
0.0328
0.0196
0.0295
0.0308
0.0319
0.0330
0.0337
0.0307
0.0310
0.0319
0.0327
0.0358
0.0302
0.0310
0.0317
0.0321
0.0197
0.0298
0.0306
0.0311
0.0320
0.0339
0.0293
0.0307
0.0315
0.0318
0.0343
0.0296
0.0306
0.0316
0.0321
0.0267
0.0300
0.0307
0.0317
0.0325
0.0314
0.0298
0.0303
0.0312
0.0321
0.0269
0.0296
0.0300
0.0310
0.0319
0.0214
0.0287
0.0303
0.0310
0.0316
0.0279
0.0296
0.0304
0.0310
0.0318
0.0311
0.0301
0.0304
0.0313
0.0321
0.0411
0.0303
0.0303
0.0310
0.0317
0.0237
0.0298
0.0306
0.0311
0.0317
0.0265
0.0286
0.0304
0.0312
0.0318
0.0273
0.0295
0.0296
0.0307
0.0316
0.0316
0.0298
0.0302
0.0306
0.0312
0.0346
0.0286
0.0296
0.0302
0.0310
0.0300
0.0284
0.0291
0.0300
0.0307
0.0318
0.0291
0.0302
0.0309
0.0314
0.0307
0.0294
0.0295
0.0303
0.0310
0.0278
0.0290
0.0291
0.0299
0.0309
0.0404
0.0289
0.0295
0.0302
0.0309
0.0254
0.0276
0.0285
0.0294
0.0305
0.0308
0.0282
0.0292
0.0299
0.0307
0.0271
0.0302
0.0305
0.0310
0.0315
0.0224
0.0284
0.0291
0.0300
0.0307
0.0305
0.0294
0.0298
0.0301
0.0306
0.0250
0.0283
0.0288
0.0297
0.0303
0.0291
0.0281
0.0286
0.0293
0.0301
0.0302
0.0282
0.0291
0.0297
0.0305
0.0415
0.0295
0.0297
0.0303
0.0310
0.0254
0.0281
0.0287
0.0292
0.0301
0.0271
0.0286
0.0291
0.0298
0.0305
0.0270
0.0283
0.0288
0.0291
0.0297
0.0236
0.0281
0.0284
0.0290
0.0296
0.0309
0.0280
0.0290
0.0295
0.0303
0.0290
0.0278
0.0282
0.0290
0.0296
0.0404
0.0277
0.0280
0.0288
0.0294
0.0235
0.0248
0.0233
0.0230
0.0226
0.0208
0.0196
0.0195
0.0193
0.0194
0.0203
0.0183
0.0183
0.0181
0.0181
0.0098
0.0172
0.0174
0.0174
0.0174
0.0178
0.0167
0.0165
0.0165
0.0165
0.0148
0.0155
0.0156
0.0154
0.0156
0.0157
0.0150
0.0154
0.0152
0.0152
0.0095
0.0147
0.0146
0.0147
0.0146
0.0092
0.0141
0.0141
0.0142
0.0142
0.0108
0.0138
0.0138
0.0138
0.0138
0.0141
0.0137
0.0136
0.0135
0.0135
0.0142
0.0125
0.0126
0.0127
0.0129
0.0133
0.0129
0.0127
0.0127
0.0129
0.0189
0.0126
0.0125
0.0125
0.0126
0.0256
0.0121
0.0120
0.0121
0.0122
0.0109
0.0120
0.0121
0.0120
0.0120
0.0102
0.0118
0.0120
0.0118
0.0119
0.0116
0.0114
0.0117
0.0117
0.0117
0.0097
0.0114
0.0114
0.0115
0.0116
0.0082
0.0114
0.0112
0.0112
0.0113
0.0143
0.0106
0.0108
0.0109
0.0109
0.0069
0.0107
0.0106
0.0107
0.0108
0.0095
0.0105
0.0106
0.0108
0.0108
0.0069
0.0106
0.0105
0.0105
0.0105
0.0083
0.0101
0.0103
0.0103
0.0103
0.0101
0.0102
0.0102
0.0102
0.0102
0.0087
0.0098
0.0101
0.0102
0.0102
0.0071
0.0097
0.0097
0.0098
0.0099
0.0099
0.0097
0.0099
0.0099
0.0099
0.0119
0.0096
0.0097
0.0097
0.0098
0.0106
0.0095
0.0096
0.0097
0.0097
0.0072
0.0097
0.0095
0.0096
0.0096
0.0096
0.0088
0.0092
0.0094
0.0094
0.0105
0.0092
0.0093
0.0094
0.0095
0.0063
0.0092
0.0091
0.0093
0.0093
0.0110
0.0089
0.0091
0.0092
0.0093
0.0061
0.0088
0.0090
0.0090
0.0091
0.0073
0.0087
0.0091
0.0092
0.0093
0.0106
0.0087
0.0089
0.0089
0.0090
0.0067
0.0088
0.0089
0.0090
0.0090
0.0083
0.0086
0.0087
0.0087
0.0088
0.0081
0.0083
0.0085
0.0086
0.0087
0.0093
0.0086
0.0086
0.0087
0.0086
0.0065
0.0085
0.0086
0.0086
0.0087
0.0101
0.0083
0.0084
0.0085
0.0086
0.0085
0.0083
0.0083
0.0084
0.0085
0.0070
0.0083
0.0083
0.0085
0.0085
0.0076
0.0083
0.0083
0.0084
0.0084
0.0073
0.0083
0.0083
0.0083
0.0084
0.0069
0.0081
0.0081
0.0082
0.0083
0.0083
0.0083
0.0082
0.0082
0.0082
0.0114
0.0081
0.0082
0.0082
0.0082
0.0093
0.0080
0.0081
0.0082
0.0082
0.0104
0.0079
0.0080
0.0081
0.0081
0.0079
0.0079
0.0080
0.0081
0.0081
0.0058
0.0076
0.0078
0.0079
0.0080
0.0093
0.0077
0.0078
0.0079
0.0080
0.0085
0.0078
0.0079
0.0080
0.0080
0.0078
0.0078
0.0079
0.0079
0.0079
0.0071
0.0077
0.0077
0.0077
0.0077
0.0066
0.0076
0.0077
0.0078
0.0079
0.0054
0.0077
0.0078
0.0077
0.0079
0.0069
0.0076
0.0077
0.0077
0.0078
0.0071
0.0076
0.0076
0.0077
0.0077
0.0084
0.0077
0.0078
0.0078
0.0079
0.0064
0.0074
0.0074
0.0076
0.0077
0.0059
0.0073
0.0075
0.0076
0.0077
0.0051
0.0077
0.0077
0.0077
0.0077
0.0075
0.0075
0.0075
0.0076
0.0076
0.0064
0.0073
0.0075
0.0075
0.0075
0.0069
0.0073
0.0074
0.0074
0.0075
0.0078
0.0074
0.0074
0.0074
0.0075
0.0074
0.0073
0.0073
0.0074
0.0074
0.0057
0.0073
0.0074
0.0074
0.0074
0.0073
0.0071
0.0073
0.0074
0.0074
0.0057
0.0075
0.0073
0.0073
0.0074
0.0072
0.0070
0.0073
0.0073
0.0074
0.0102
0.0070
0.0072
0.0073
0.0074
0.0061
0.0070
0.0073
0.0073
0.0073
0.0078
0.0070
0.0072
0.0073
0.0073
0.0081
0.0070
0.0072
0.0072
0.0072
0.0062
0.0071
0.0071
0.0072
0.0072
0.0062
0.0070
0.0071
0.0072
0.0072
0.0057
0.0071
0.0071
0.0072
0.0072
0.0073
0.0072
0.0071
0.0072
0.0072
0.0064
0.0071
0.0070
0.0071
0.0071
0.0087
0.0066
0.0068
0.0070
0.0071
0.0073
0.0069
0.0070
0.0071
0.0071
0.0069
0.0070
0.0071
0.0071
0.0071
0.0069
0.0070
0.0069
0.0070
0.0071
0.0067
0.0068
0.0070
0.0070
0.0071
0.0056
0.0068
0.0069
0.0070
0.0070
0.0068
0.0068
0.0070
0.0069
0.0070
0.0095
0.0069
0.0068
0.0068
0.0070
0.0080
0.0067
0.0069
0.0069
0.0069
0.0067
0.0069
0.0069
0.0070
0.0070
0.0089
0.0067
0.0068
0.0069
0.0070
0.0074
0.0066
0.0067
0.0069
0.0070
0.0069
0.0067
0.0068
0.0068
0.0069
0.0050
0.0069
0.0069
0.0069
0.0070
0.0046
0.0065
0.0066
0.0065
0.0065
0.0076
0.0064
0.0063
0.0064
0.0064
0.0059
0.0062
0.0063
0.0062
0.0062
0.0083
0.0063
0.0062
0.0062
0.0062
0.0053
0.0060
0.0061
0.0061
0.0062
0.0064
0.0063
0.0062
0.0062
0.0062
0.0040
0.0063
0.0062
0.0062
0.0061
0.0063
0.0060
0.0061
0.0060
0.0060
0.0046
0.0062
0.0060
0.0060
0.0060
0.0042
0.0059
0.0059
0.0060
0.0060
0.0055
0.0059
0.0058
0.0059
0.0059
0.0053
0.0061
0.0060
0.0060
0.0060
0.0066
0.0060
0.0060
0.0059
0.0059
0.0049
0.0058
0.0059
0.0059
0.0059
0.0038
0.0059
0.0059
0.0059
0.0059
0.0070
0.0058
0.0059
0.0059
0.0059
0.0065
0.0058
0.0058
0.0058
0.0059
0.0041
0.0062
0.0061
0.0061
0.0060
0.0073
0.0056
0.0057
0.0058
0.0057
0.0056
0.0059
0.0058
0.0058
0.0058
0.0061
0.0058
0.0058
0.0059
0.0059
0.0059
0.0058
0.0058
0.0058
0.0058
0.0044
0.0059
0.0058
0.0058
0.0058
0.0068
0.0058
0.0057
0.0057
0.0057
0.0040
0.0056
0.0056
0.0057
0.0057
0.0046
0.0056
0.0058
0.0058
0.0058
0.0052
0.0058
0.0057
0.0057
0.0057
0.0051
0.0058
0.0058
0.0057
0.0057
0.0056
0.0056
0.0056
0.0057
0.0057
0.0043
0.0056
0.0057
0.0057
0.0057
0.0075
0.0056
0.0057
0.0057
0.0056
0.0041
0.0057
0.0057
0.0057
0.0057
0.0043
0.0054
0.0056
0.0057
0.0056
0.0050
0.0058
0.0056
0.0057
0.0057
0.0053
0.0057
0.0056
0.0057
0.0057
0.0044
0.0057
0.0056
0.0055
0.0056
0.0041
0.0056
0.0056
0.0056
0.0056
0.0058
0.0055
0.0056
0.0056
0.0056
0.0060
0.0056
0.0056
0.0056
0.0056
0.0065
0.0057
0.0057
0.0056
0.0056
0.0070
0.0057
0.0057
0.0057
0.0057
0.0051
0.0055
0.0055
0.0056
0.0056
0.0051
0.0055
0.0055
0.0056
0.0056
0.0060
0.0056
0.0056
0.0056
0.0055
0.0065
0.0055
0.0055
0.0056
0.0056
0.0066
0.0057
0.0056
0.0056
0.0056
0.0049
0.0055
0.0056
0.0056
0.0056
0.0055
0.0055
0.0056
0.0056
0.0056
0.0046
0.0054
0.0055
0.0055
0.0055
0.0063
0.0055
0.0055
0.0056
0.0056
0.0055
0.0056
0.0056
0.0055
0.0055
0.0071
0.0055
0.0055
0.0055
0.0055
0.0055
0.0055
0.0055
0.0056
0.0056
0.0060
0.0054
0.0054
0.0055
0.0055
0.0061
0.0055
0.0055
0.0055
0.0055
0.0054
0.0054
0.0055
0.0055
0.0055
0.0080
0.0055
0.0055
0.0055
0.0055
0.0059
0.0054
0.0055
0.0055
0.0055
0.0030
0.0056
0.0055
0.0055
0.0055
0.0061
0.0054
0.0054
0.0055
0.0055
0.0056
0.0054
0.0053
0.0053
0.0054
0.0034
0.0055
0.0055
0.0055
0.0054
0.0056
0.0055
0.0055
0.0055
0.0055
0.0072
0.0053
0.0054
0.0054
0.0054
0.0045
0.0054
0.0054
0.0054
0.0054
0.0051
0.0054
0.0054
0.0055
0.0055
0.0046
0.0054
0.0054
0.0054
0.0054
0.0047
0.0052
0.0053
0.0053
0.0053
0.0031
0.0054
0.0054
0.0054
0.0055
0.0056
0.0054
0.0053
0.0054
0.0054
0.0061
0.0053
0.0053
0.0053
0.0054
0.0056
0.0053
0.0054
0.0055
0.0055
0.0050
0.0056
0.0055
0.0054
0.0054
0.0049
0.0054
0.0054
0.0054
0.0054
0.0044
0.0054
0.0053
0.0054
0.0054
0.0047
0.0053
0.0054
0.0054
0.0054
0.0047
0.0054
0.0054
0.0054
0.0054
0.0058
0.0055
0.0055
0.0054
0.0054
0.0040
0.0054
0.0054
0.0054
0.0054
0.0084
0.0056
0.0055
0.0054
0.0054
0.0051
0.0055
0.0054
0.0054
0.0054
0.0037
0.0053
0.0053
0.0053
0.0054
0.0049
0.0053
0.0054
0.0054
0.0054
0.0044
0.0053
0.0053
0.0053
0.0053
0.0045
0.0055
0.0054
0.0053
0.0053
0.0046
0.0055
0.0055
0.0054
0.0054
0.0049
0.0055
0.0054
0.0054
0.0054
0.0051
0.0053
0.0054
0.0053
0.0054
0.0052
0.0052
0.0053
0.0053
0.0054
0.0044
0.0053
0.0053
0.0052
0.0053
0.0039
0.0051
0.0052
0.0053
0.0053
0.0040
0.0055
0.0054
0.0054
0.0053
0.0056
0.0052
0.0052
0.0052
0.0053
0.0075
0.0053
0.0053
0.0053
0.0053
0.0049
0.0053
0.0053
0.0053
0.0053
0.0080
0.0054
0.0054
0.0054
0.0054
0.0053
0.0053
0.0053
0.0053
0.0053
0.0042
0.0051
0.0052
0.0052
0.0052
0.0041
0.0053
0.0053
0.0053
0.0053
0.0045
0.0052
0.0052
0.0052
0.0052
0.0053
0.0054
0.0054
0.0054
0.0053
0.0054
0.0053
0.0052
0.0052
0.0053
0.0045
0.0052
0.0052
0.0052
0.0053
0.0044
0.0053
0.0052
0.0052
0.0052
0.0079
0.0053
0.0053
0.0053
0.0053
0.0046
0.0052
0.0053
0.0053
0.0053
0.0057
0.0052
0.0052
0.0052
0.0052
0.0056
0.0053
0.0053
0.0052
0.0053
0.0041
0.0054
0.0054
0.0053
0.0053
0.0061
0.0054
0.0053
0.0053
0.0053
0.0052
0.0052
0.0052
0.0052
0.0052
0.0060
0.0053
0.0052
0.0052
0.0053
0.0050
0.0054
0.0054
0.0053
0.0053
0.0051
0.0054
0.0054
0.0053
0.0053
0.0056
0.0053
0.0052
0.0052
0.0052
0.0055
0.0052
0.0052
0.0052
0.0052
0.0060
0.0052
0.0052
0.0052
0.0052
0.0055
0.0050
0.0052
0.0052
0.0052
0.0045
0.0051
0.0052
0.0052
0.0051
0.0055
0.0052
0.0052
0.0052
0.0052
0.0038
0.0053
0.0052
0.0052
0.0052
0.0055
0.0052
0.0053
0.0053
0.0053
0.0092
0.0052
0.0052
0.0052
0.0053
0.0064
0.0052
0.0052
0.0052
0.0053
0.0059
0.0054
0.0053
0.0053
0.0053
0.0044
0.0052
0.0052
0.0052
0.0052
0.0057
0.0051
0.0051
0.0051
0.0051
0.0054
0.0052
0.0052
0.0052
0.0052
0.0044
0.0054
0.0053
0.0053
0.0053
0.0042
0.0053
0.0052
0.0052
0.0052
0.0052
0.0054
0.0053
0.0053
0.0053
0.0055
0.0054
0.0053
0.0053
0.0053
0.0048
0.0051
0.0051
0.0051
0.0051
0.0055
0.0050
0.0050
0.0050
0.0051
0.0069
0.0052
0.0052
0.0052
0.0052
0.0036
0.0051
0.0052
0.0052
0.0052
0.0038
0.0051
0.0052
0.0052
0.0052
0.0067
0.0053
0.0053
0.0053
0.0053
0.0055
0.0052
0.0052
0.0052
0.0052
0.0049
0.0051
0.0052
0.0052
0.0052
0.0050
0.0053
0.0052
0.0052
0.0052
0.0043
0.0052
0.0052
0.0052
0.0052
0.0037
0.0052
0.0052
0.0052
0.0052
0.0067
0.0053
0.0052
0.0053
0.0052
0.0052
0.0053
0.0052
0.0051
0.0052
0.0041
0.0051
0.0051
0.0051
0.0051
0.0062
0.0050
0.0051
0.0052
0.0052
0.0089
0.0053
0.0053
0.0053
0.0052
0.0068
0.0053
0.0052
0.0052
0.0051
0.0033
0.0054
0.0053
0.0052
0.0052
0.0085
0.0052
0.0052
0.0052
0.0052
0.0066
0.0051
0.0052
0.0052
0.0053
0.0052
0.0050
0.0050
0.0051
0.0052
0.0045
0.0052
0.0052
0.0052
0.0052
0.0042
0.0052
0.0052
0.0053
0.0053
0.0057
0.0052
0.0052
0.0052
0.0052
0.0041
0.0052
0.0052
0.0052
0.0052
0.0035
0.0052
0.0052
0.0053
0.0053
0.0032
0.0052
0.0052
0.0052
0.0052
0.0044
0.0050
0.0051
0.0050
0.0051
0.0081
0.0052
0.0052
0.0053
0.0053
0.0040
0.0052
0.0052
0.0052
0.0052
0.0055
0.0052
0.0052
0.0052
0.0052
0.0061
0.0053
0.0053
0.0053
0.0052
0.0058
0.0053
0.0053
0.0052
0.0052
0.0062
0.0050
0.0052
0.0052
0.0052
0.0051
0.0052
0.0053
0.0052
0.0052
0.0039
0.0053
0.0052
0.0052
0.0052
0.0048
0.0051
0.0052
0.0052
0.0052
0.0054
0.0053
0.0053
0.0052
0.0052
0.0051
0.0052
0.0051
0.0051
0.0052
0.0046
0.0051
0.0051
0.0052
0.0052
0.0047
0.0053
0.0053
0.0052
0.0052
0.0056
0.0050
0.0052
0.0052
0.0052
0.0044
0.0051
0.0051
0.0051
0.0052
0.0061
0.0053
0.0053
0.0053
0.0052
0.0060
0.0050
0.0052
0.0052
0.0052
0.0062
0.0051
0.0051
0.0052
0.0052
0.0053
0.0052
0.0052
0.0052
0.0052
0.0043
0.0052
0.0051
0.0052
0.0052
0.0043
0.0052
0.0052
0.0052
0.0052
0.0046
0.0050
0.0052
0.0052
0.0051
0.0049
0.0051
0.0051
0.0051
0.0051
0.0050
0.0053
0.0054
0.0052
0.0052
0.0067
0.0051
0.0052
0.0051
0.0051
0.0055
0.0052
0.0051
0.0051
0.0051
0.0033
0.0052
0.0052
0.0052
0.0052
0.0058
0.0051
0.0052
0.0052
0.0052
0.0074
0.0050
0.0051
0.0052
0.0052
0.0049
0.0052
0.0051
0.0051
0.0052
0.0049
0.0051
0.0052
0.0052
0.0052
0.0057
0.0050
0.0051
0.0052
0.0051
0.0061
0.0053
0.0053
0.0054
0.0053
0.0044
0.0052
0.0052
0.0052
0.0052
0.0043
0.0051
0.0051
0.0051
0.0051
0.0057
0.0050
0.0051
0.0051
0.0051
0.0052
0.0052
0.0052
0.0052
0.0051
0.0038
0.0051
0.0052
0.0052
0.0052
0.0065
0.0052
0.0052
0.0053
0.0052
0.0048
0.0052
0.0052
0.0052
0.0051
0.0049
0.0051
0.0051
0.0052
0.0052
0.0040
0.0051
0.0051
0.0051
0.0051
0.0041
0.0050
0.0051
0.0051
0.0052
0.0043
0.0052
0.0053
0.0052
0.0052
0.0053
0.0051
0.0051
0.0051
0.0052
0.0030
0.0051
0.0051
0.0052
0.0051
0.0057
0.0054
0.0052
0.0052
0.0052
0.0053
0.0050
0.0050
0.0050
0.0051
0.0068
0.0052
0.0051
0.0052
0.0052
0.0059
0.0051
0.0051
0.0051
0.0052
0.0034
0.0051
0.0050
0.0051
0.0051
0.0068
0.0051
0.0051
0.0052
0.0051
0.0046
0.0052
0.0051
0.0052
0.0052
0.0057
0.0052
0.0052
0.0052
0.0052
0.0046
0.0050
0.0051
0.0051
0.0051
0.0053
0.0053
0.0053
0.0052
0.0052
0.0045
0.0049
0.0051
0.0051
0.0051
0.0062
0.0052
0.0052
0.0052
0.0052
0.0042
0.0051
0.0050
0.0050
0.0051
0.0056
0.0052
0.0052
0.0051
0.0051
0.0045
0.0050
0.0051
0.0052
0.0052
0.0044
0.0052
0.0052
0.0052
0.0052
0.0040
0.0052
0.0052
0.0052
0.0052
0.0058
0.0053
0.0051
0.0052
0.0052
0.0046
0.0052
0.0051
0.0052
0.0052
0.0050
0.0052
0.0052
0.0052
0.0052
0.0054
0.0053
0.0052
0.0052
0.0052
0.0037
0.0053
0.0051
0.0051
0.0051
0.0058
0.0051
0.0050
0.0050
0.0051
0.0052
0.0052
0.0051
0.0052
0.0051
0.0051
0.0051
0.0051
0.0051
0.0052
0.0067
0.0052
0.0052
0.0052
0.0051
0.0053
0.0051
0.0050
0.0050
0.0050
0.0060
0.0051
0.0051
0.0051
0.0051
0.0044
0.0052
0.0051
0.0051
0.0051
0.0046
0.0053
0.0052
0.0052
0.0052
0.0047
0.0052
0.0052
0.0052
0.0052
0.0049
0.0050
0.0050
0.0051
0.0051
0.0074
0.0051
0.0051
0.0051
0.0051
0.0053
0.0051
0.0051
0.0051
0.0051
0.0045
0.0051
0.0052
0.0052
0.0052
0.0050
0.0052
0.0052
0.0053
0.0053
0.0057
0.0051
0.0052
0.0052
0.0052
0.0053
0.0053
0.0052
0.0052
0.0052
0.0048
0.0052
0.0051
0.0051
0.0052
0.0044
0.0051
0.0052
0.0052
0.0051
0.0068
0.0052
0.0052
0.0052
0.0052
0.0040
0.0051
0.0051
0.0051
0.0051
0.0064
0.0053
0.0052
0.0051
0.0051
0.0045
0.0051
0.0051
0.0051
0.0052
0.0065
0.0052
0.0052
0.0052
0.0051
0.0048
0.0053
0.0052
0.0052
0.0052
0.0053
0.0052
0.0052
0.0052
0.0052
0.0038
0.0051
0.0051
0.0052
0.0052
0.0041
0.0050
0.0052
0.0052
0.0052
0.0041
0.0051
0.0052
0.0052
0.0052
0.0051
0.0052
0.0052
0.0052
0.0052
0.0058
0.0052
0.0052
0.0052
0.0052
0.0033
0.0052
0.0051
0.0052
0.0051
0.0027
0.0051
0.0050
0.0051
0.0051
0.0054
0.0050
0.0051
0.0052
0.0051
0.0040
0.0052
0.0051
0.0051
0.0052
0.0043
0.0052
0.0051
0.0051
0.0051
0.0054
0.0052
0.0052
0.0051
0.0052
0.0046
0.0052
0.0052
0.0051
0.0051
0.0075
0.0052
0.0052
0.0052
0.0052
0.0049
0.0051
0.0051
0.0052
0.0052
0.0054
0.0050
0.0051
0.0051
0.0051
0.0057
0.0051
0.0051
0.0052
0.0051
0.0043
0.0051
0.0052
0.0052
0.0051
0.0050
0.0051
0.0052
0.0052
0.0051
0.0058
0.0051
0.0051
0.0051
0.0051
0.0048
0.0051
0.0051
0.0052
0.0052
0.0044
0.0052
0.0052
0.0052
0.0051
0.0040
0.0052
0.0051
0.0052
0.0052
0.0059
0.0051
0.0051
0.0051
0.0051
0.0045
0.0051
0.0052
0.0052
0.0052
0.0045
0.0052
0.0052
0.0051
0.0051
0.0055
0.0050
0.0051
0.0052
0.0051
0.0046
0.0052
0.0052
0.0052
0.0052
0.0074
0.0052
0.0052
0.0052
0.0052
0.0060
0.0051
0.0050
0.0051
0.0052
0.0041
0.0051
0.0051
0.0052
0.0051
0.0054
0.0051
0.0052
0.0052
0.0052
0.0046
0.0050
0.0051
0.0051
0.0051
0.0041
0.0050
0.0050
0.0051
0.0051
0.0050
0.0050
0.0050
0.0051
0.0051
0.0046
0.0051
0.0051
0.0051
0.0051
0.0048
0.0051
0.0051
0.0051
0.0051
0.0045
0.0053
0.0052
0.0052
0.0052
0.0056
0.0052
0.0052
0.0051
0.0052
0.0055
0.0050
0.0051
0.0051
0.0051
0.0064
0.0053
0.0051
0.0051
0.0051
0.0077
0.0051
0.0051
0.0051
0.0051
0.0054
0.0051
0.0051
0.0051
0.0052
0.0040
0.0050
0.0051
0.0051
0.0050
0.0050
0.0051
0.0051
0.0051
0.0051
0.0047
0.0052
0.0051
0.0051
0.0051
0.0048
0.0051
0.0051
0.0051
0.0051
