0.5488
0.5123
0.4906
0.4753
0.4639
0.4124
0.4113
0.4063
0.4008
0.3969
0.4250
0.3775
0.3727
0.3705
0.3686
0.3533
0.3554
0.3532
0.3514
0.3494
0.3501
0.3384
0.3366
0.3347
0.3333
0.3000
0.3224
0.3218
0.3215
0.3197
0.2649
0.3094
0.3098
0.3086
0.3078
0.2863
0.2989
0.2988
0.2976
0.2964
0.2914
0.2873
0.2879
0.2860
0.2853
0.2610
0.2783
0.2774
0.2754
0.2752
0.2717
0.2686
0.2673
0.2666
0.2664
0.2395
0.2572
0.2566
0.2568
0.2563
0.2645
0.2491
0.2494
0.2478
0.2472
0.2634
0.2385
0.2382
0.2396
0.2397
0.2225
0.2307
0.2305
0.2318
0.2316
0.2119
0.2234
0.2249
0.2253
0.2244
0.1963
0.2175
0.2191
0.2178
0.2182
0.1961
0.2110
0.2101
0.2103
0.2109
0.1981
0.2060
0.2058
0.2055
0.2053
0.1935
0.1982
0.1983
0.1997
0.1998
0.2058
0.1919
0.1932
0.1938
0.1942
0.2090
0.1877
0.1890
0.1889
0.1890
0.1880
0.1808
0.1820
0.1833
0.1840
0.2149
0.1781
0.1792
0.1799
0.1804
0.1727
0.1748
0.1750
0.1752
0.1754
0.1482
0.1681
0.1690
0.1698
0.1705
0.1439
0.1656
0.1668
0.1666
0.1666
0.1579
0.1593
0.1607
0.1619
0.1625
0.1762
0.1553
0.1573
0.1579
0.1579
0.1416
0.1520
0.1529
0.1534
0.1540
0.1347
0.1489
0.1490
0.1490
0.1504
0.1151
0.1422
0.1434
0.1453
0.1466
0.1606
0.1407
0.1418
0.1420
0.1426
0.1428
0.1368
0.1383
0.1387
0.1398
0.1322
0.1329
0.1327
0.1350
0.1358
0.1146
0.1309
0.1322
0.1329
0.1332
0.1470
0.1278
0.1284
0.1294
0.1299
0.1384
0.1239
0.1242
0.1255
0.1266
0.1036
0.1206
0.1228
0.1228
0.1239
0.1165
0.1162
0.1175
0.1205
0.1211
0.1043
0.1131
0.1148
0.1165
0.1174
0.1107
0.1121
0.1125
0.1141
0.1150
0.1035
0.1096
0.1116
0.1125
0.1131
0.1073
0.1068
0.1088
0.1097
0.1105
0.0944
0.1056
0.1066
0.1075
0.1087
0.0962
0.1040
0.1041
0.1049
0.1055
0.0948
0.0996
0.1017
0.1029
0.1037
0.0849
0.0982
0.0998
0.1006
0.1016
0.0871
0.0970
0.0983
0.0998
0.1002
0.0946
0.0942
0.0962
0.0964
0.0972
0.0841
0.0934
0.0944
0.0948
0.0958
0.0838
0.0915
0.0933
0.0938
0.0940
0.0746
0.0894
0.0905
0.0915
0.0926
0.1003
0.0886
0.0886
0.0896
0.0904
0.0801
0.0851
0.0867
0.0878
0.0885
0.0900
0.0834
0.0851
0.0858
0.0871
0.0896
0.0836
0.0842
0.0849
0.0857
0.0869
0.0807
0.0832
0.0842
0.0847
0.0774
0.0798
0.0808
0.0812
0.0823
0.0647
0.0757
0.0784
0.0805
0.0815
0.0694
0.0779
0.0789
0.0798
0.0806
0.0745
0.0758
0.0766
0.0778
0.0793
0.0574
0.0757
0.0767
0.0774
0.0780
0.0776
0.0738
0.0749
0.0760
0.0767
0.0771
0.0722
0.0731
0.0746
0.0756
0.0644
0.0709
0.0722
0.0738
0.0748
0.0765
0.0711
0.0721
0.0730
0.0739
0.0660
0.0689
0.0698
0.0713
0.0723
0.0729
0.0676
0.0693
0.0706
0.0720
0.0673
0.0699
0.0695
0.0698
0.0707
0.0590
0.0663
0.0680
0.0689
0.0696
0.0630
0.0666
0.0670
0.0680
0.0689
0.0551
0.0653
0.0659
0.0668
0.0678
0.0661
0.0637
0.0659
0.0673
0.0681
0.0680
0.0627
0.0641
0.0654
0.0663
0.0626
0.0620
0.0633
0.0647
0.0658
0.0698
0.0626
0.0636
0.0643
0.0651
0.0570
0.0611
0.0617
0.0629
0.0639
0.0512
0.0600
0.0604
0.0621
0.0630
0.0578
0.0606
0.0614
0.0622
0.0633
0.0608
0.0612
0.0613
0.0623
0.0632
0.0625
0.0580
0.0601
0.0611
0.0614
0.0558
0.0576
0.0587
0.0599
0.0605
0.0583
0.0584
0.0595
0.0606
0.0610
0.0496
0.0562
0.0571
0.0586
0.0597
0.0625
0.0580
0.0575
0.0589
0.0599
0.0725
0.0568
0.0569
0.0582
0.0590
0.0501
0.0555
0.0572
0.0583
0.0587
0.0500
0.0537
0.0550
0.0560
0.0572
0.0561
0.0538
0.0551
0.0567
0.0580
0.0455
0.0549
0.0559
0.0568
0.0574
0.0631
0.0537
0.0544
0.0554
0.0565
0.0485
0.0539
0.0544
0.0547
0.0556
0.0598
0.0524
0.0537
0.0547
0.0560
0.0480
0.0513
0.0526
0.0539
0.0551
0.0512
0.0521
0.0528
0.0536
0.0544
0.0607
0.0509
0.0522
0.0528
0.0540
0.0451
0.0510
0.0518
0.0527
0.0537
0.0450
0.0489
0.0514
0.0528
0.0535
0.0412
0.0502
0.0511
0.0521
0.0530
0.0468
0.0502
0.0516
0.0519
0.0530
0.0608
0.0501
0.0510
0.0521
0.0526
0.0482
0.0502
0.0502
0.0513
0.0518
0.0383
0.0493
0.0502
0.0517
0.0523
0.0604
0.0481
0.0492
0.0503
0.0513
0.0408
0.0492
0.0493
0.0499
0.0511
0.0459
0.0486
0.0488
0.0497
0.0509
0.0461
0.0470
0.0483
0.0496
0.0504
0.0482
0.0472
0.0482
0.0495
0.0501
0.0556
0.0472
0.0487
0.0496
0.0499
0.0554
0.0472
0.0476
0.0484
0.0492
0.0366
0.0448
0.0466
0.0478
0.0490
0.0409
0.0456
0.0469
0.0482
0.0492
0.0429
0.0468
0.0479
0.0488
0.0494
0.0527
0.0452
0.0468
0.0478
0.0485
0.0495
0.0440
0.0451
0.0465
0.0473
0.0405
0.0455
0.0466
0.0473
0.0482
0.0353
0.0449
0.0460
0.0472
0.0478
0.0559
0.0460
0.0460
0.0469
0.0478
0.0404
0.0447
0.0455
0.0463
0.0471
0.0515
0.0439
0.0445
0.0453
0.0462
0.0389
0.0453
0.0451
0.0459
0.0468
0.0351
0.0422
0.0440
0.0459
0.0466
0.0334
0.0444
0.0448
0.0456
0.0462
0.0511
0.0431
0.0442
0.0450
0.0458
0.0416
0.0422
0.0435
0.0446
0.0453
0.0397
0.0430
0.0438
0.0448
0.0457
0.0380
0.0430
0.0434
0.0444
0.0451
0.0490
0.0439
0.0437
0.0444
0.0452
0.0375
0.0419
0.0431
0.0444
0.0453
0.0385
0.0433
0.0436
0.0445
0.0452
0.0412
0.0413
0.0427
0.0436
0.0445
0.0436
0.0423
0.0429
0.0434
0.0442
0.0358
0.0412
0.0426
0.0437
0.0450
0.0409
0.0422
0.0430
0.0434
0.0441
0.0324
0.0406
0.0410
0.0418
0.0430
0.0356
0.0414
0.0418
0.0421
0.0429
0.0289
0.0418
0.0418
0.0427
0.0433
0.0508
0.0415
0.0420
0.0428
0.0435
0.0308
0.0400
0.0410
0.0422
0.0430
0.0424
0.0406
0.0413
0.0423
0.0434
0.0377
0.0408
0.0409
0.0415
0.0421
0.0365
0.0401
0.0411
0.0412
0.0421
0.0344
0.0402
0.0408
0.0416
0.0427
0.0364
0.0402
0.0412
0.0421
0.0425
0.0300
0.0397
0.0404
0.0417
0.0428
0.0294
0.0398
0.0399
0.0410
0.0419
0.0373
0.0402
0.0413
0.0416
0.0423
0.0353
0.0402
0.0409
0.0414
0.0421
0.0326
0.0390
0.0398
0.0408
0.0413
0.0332
0.0380
0.0393
0.0406
0.0410
0.0390
0.0392
0.0399
0.0409
0.0417
0.0399
0.0383
0.0397
0.0402
0.0406
0.0353
0.0390
0.0393
0.0400
0.0407
0.0539
0.0388
0.0396
0.0403
0.0412
0.0386
0.0377
0.0390
0.0401
0.0408
0.0430
0.0381
0.0389
0.0403
0.0412
0.0375
0.0386
0.0385
0.0393
0.0400
0.0406
0.0381
0.0385
0.0396
0.0400
0.0287
0.0365
0.0374
0.0387
0.0399
0.0389
0.0384
0.0388
0.0394
0.0403
0.0341
0.0374
0.0378
0.0391
0.0397
0.0321
0.0372
0.0380
0.0387
0.0394
0.0274
0.0372
0.0381
0.0389
0.0395
0.0259
0.0382
0.0383
0.0389
0.0395
0.0479
0.0386
0.0385
0.0393
0.0401
0.0370
0.0367
0.0377
0.0385
0.0394
0.0447
0.0359
0.0367
0.0374
0.0384
0.0475
0.0370
0.0373
0.0377
0.0386
0.0405
0.0386
0.0380
0.0383
0.0390
0.0416
0.0354
0.0371
0.0385
0.0394
0.0285
0.0374
0.0379
0.0385
0.0392
0.0379
0.0361
0.0369
0.0379
0.0389
0.0300
0.0350
0.0364
0.0376
0.0387
0.0380
0.0356
0.0362
0.0369
0.0381
0.0327
0.0350
0.0367
0.0374
0.0382
0.0356
0.0354
0.0367
0.0380
0.0387
0.0323
0.0358
0.0367
0.0382
0.0386
0.0358
0.0357
0.0364
0.0372
0.0380
0.0326
0.0358
0.0368
0.0377
0.0382
0.0435
0.0349
0.0357
0.0366
0.0373
0.0372
0.0353
0.0355
0.0364
0.0373
0.0387
0.0340
0.0347
0.0359
0.0369
0.0301
0.0342
0.0355
0.0366
0.0377
0.0351
0.0351
0.0356
0.0369
0.0376
0.0443
0.0348
0.0355
0.0363
0.0369
0.0311
0.0345
0.0351
0.0360
0.0367
0.0417
0.0346
0.0354
0.0363
0.0371
0.0270
0.0341
0.0351
0.0362
0.0372
0.0362
0.0355
0.0356
0.0364
0.0370
0.0363
0.0339
0.0346
0.0358
0.0363
0.0263
0.0337
0.0351
0.0355
0.0361
0.0335
0.0340
0.0353
0.0360
0.0367
0.0441
0.0348
0.0351
0.0354
0.0360
0.0409
0.0339
0.0345
0.0354
0.0361
0.0258
0.0332
0.0338
0.0350
0.0359
0.0359
0.0336
0.0339
0.0344
0.0353
0.0265
0.0338
0.0338
0.0347
0.0357
0.0322
0.0332
0.0346
0.0360
0.0369
0.0366
0.0344
0.0346
0.0353
0.0360
0.0332
0.0327
0.0339
0.0348
0.0358
0.0357
0.0310
0.0301
0.0292
0.0290
0.0249
0.0253
0.0254
0.0252
0.0252
0.0233
0.0235
0.0235
0.0233
0.0234
0.0271
0.0222
0.0224
0.0224
0.0225
0.0200
0.0219
0.0214
0.0216
0.0214
0.0200
0.0205
0.0205
0.0207
0.0207
0.0266
0.0195
0.0199
0.0199
0.0200
0.0169
0.0194
0.0194
0.0191
0.0191
0.0157
0.0187
0.0187
0.0186
0.0186
0.0165
0.0185
0.0186
0.0185
0.0185
0.0199
0.0181
0.0180
0.0180
0.0181
0.0228
0.0172
0.0174
0.0176
0.0175
0.0146
0.0170
0.0170
0.0170
0.0172
0.0140
0.0165
0.0167
0.0167
0.0167
0.0135
0.0169
0.0165
0.0165
0.0166
0.0146
0.0164
0.0167
0.0165
0.0166
0.0164
0.0160
0.0159
0.0159
0.0160
0.0128
0.0158
0.0157
0.0157
0.0157
0.0147
0.0154
0.0155
0.0155
0.0154
0.0126
0.0147
0.0149
0.0150
0.0151
0.0169
0.0150
0.0147
0.0150
0.0152
0.0134
0.0150
0.0148
0.0150
0.0150
0.0147
0.0143
0.0144
0.0144
0.0146
0.0106
0.0146
0.0145
0.0147
0.0146
0.0115
0.0138
0.0141
0.0142
0.0141
0.0126
0.0142
0.0140
0.0140
0.0141
0.0138
0.0135
0.0139
0.0140
0.0142
0.0137
0.0136
0.0138
0.0139
0.0139
0.0186
0.0134
0.0136
0.0138
0.0138
0.0127
0.0134
0.0134
0.0135
0.0136
0.0130
0.0132
0.0132
0.0134
0.0134
0.0110
0.0131
0.0133
0.0131
0.0132
0.0165
0.0132
0.0131
0.0131
0.0131
0.0123
0.0129
0.0130
0.0130
0.0132
0.0091
0.0130
0.0128
0.0128
0.0129
0.0112
0.0125
0.0127
0.0127
0.0128
0.0136
0.0126
0.0128
0.0127
0.0128
0.0146
0.0122
0.0123
0.0124
0.0125
0.0110
0.0126
0.0124
0.0124
0.0124
0.0165
0.0124
0.0125
0.0124
0.0124
0.0102
0.0120
0.0122
0.0123
0.0123
0.0125
0.0118
0.0119
0.0121
0.0122
0.0116
0.0119
0.0119
0.0120
0.0121
0.0102
0.0118
0.0118
0.0120
0.0120
0.0129
0.0121
0.0119
0.0120
0.0121
0.0113
0.0113
0.0115
0.0116
0.0117
0.0132
0.0112
0.0116
0.0118
0.0118
0.0131
0.0113
0.0115
0.0116
0.0117
0.0101
0.0114
0.0117
0.0116
0.0117
0.0098
0.0116
0.0115
0.0115
0.0116
0.0131
0.0112
0.0114
0.0115
0.0115
0.0137
0.0113
0.0113
0.0114
0.0115
0.0165
0.0112
0.0113
0.0114
0.0114
0.0120
0.0112
0.0112
0.0112
0.0113
0.0161
0.0111
0.0112
0.0112
0.0112
0.0128
0.0110
0.0111
0.0113
0.0114
0.0135
0.0109
0.0108
0.0109
0.0111
0.0117
0.0106
0.0108
0.0109
0.0109
0.0078
0.0109
0.0108
0.0108
0.0109
0.0072
0.0100
0.0104
0.0107
0.0108
0.0073
0.0106
0.0107
0.0108
0.0109
0.0100
0.0106
0.0106
0.0106
0.0106
0.0082
0.0106
0.0106
0.0107
0.0108
0.0130
0.0104
0.0105
0.0106
0.0107
0.0105
0.0104
0.0105
0.0105
0.0106
0.0141
0.0100
0.0102
0.0105
0.0106
0.0077
0.0106
0.0107
0.0106
0.0107
0.0080
0.0105
0.0105
0.0105
0.0105
0.0085
0.0102
0.0104
0.0105
0.0105
0.0104
0.0102
0.0102
0.0102
0.0103
0.0074
0.0100
0.0101
0.0103
0.0105
0.0083
0.0103
0.0102
0.0104
0.0104
0.0106
0.0100
0.0100
0.0102
0.0102
0.0098
0.0102
0.0102
0.0102
0.0103
0.0098
0.0099
0.0099
0.0101
0.0102
0.0087
0.0100
0.0100
0.0100
0.0101
0.0123
0.0099
0.0100
0.0101
0.0102
0.0088
0.0101
0.0100
0.0101
0.0102
0.0089
0.0097
0.0098
0.0099
0.0100
0.0084
0.0098
0.0097
0.0099
0.0101
0.0076
0.0098
0.0099
0.0099
0.0100
0.0079
0.0099
0.0099
0.0100
0.0100
0.0125
0.0095
0.0097
0.0097
0.0097
0.0148
0.0097
0.0097
0.0097
0.0099
0.0115
0.0097
0.0097
0.0098
0.0098
0.0075
0.0093
0.0097
0.0097
0.0098
0.0081
0.0099
0.0098
0.0099
0.0099
0.0084
0.0099
0.0097
0.0098
0.0099
0.0084
0.0094
0.0095
0.0097
0.0097
0.0114
0.0094
0.0095
0.0095
0.0096
0.0157
0.0096
0.0097
0.0097
0.0097
0.0097
0.0094
0.0093
0.0095
0.0096
0.0069
0.0093
0.0094
0.0095
0.0096
0.0112
0.0094
0.0094
0.0094
0.0095
0.0081
0.0094
0.0094
0.0095
0.0096
0.0092
0.0090
0.0091
0.0092
0.0094
0.0070
0.0093
0.0092
0.0093
0.0094
0.0096
0.0096
0.0096
0.0096
0.0097
0.0093
0.0091
0.0093
0.0094
0.0094
0.0051
0.0090
0.0091
0.0092
0.0093
0.0056
0.0089
0.0091
0.0090
0.0090
0.0079
0.0088
0.0089
0.0089
0.0089
0.0067
0.0087
0.0086
0.0087
0.0087
0.0082
0.0088
0.0085
0.0086
0.0087
0.0089
0.0086
0.0086
0.0086
0.0086
0.0075
0.0087
0.0087
0.0086
0.0086
0.0054
0.0083
0.0085
0.0085
0.0085
0.0062
0.0084
0.0085
0.0085
0.0085
0.0087
0.0088
0.0085
0.0084
0.0084
0.0078
0.0087
0.0086
0.0084
0.0084
0.0102
0.0084
0.0084
0.0084
0.0083
0.0086
0.0085
0.0084
0.0085
0.0085
0.0059
0.0085
0.0085
0.0084
0.0085
0.0081
0.0084
0.0084
0.0084
0.0084
0.0080
0.0084
0.0083
0.0082
0.0082
0.0086
0.0080
0.0081
0.0081
0.0082
0.0076
0.0082
0.0083
0.0082
0.0082
0.0063
0.0081
0.0082
0.0083
0.0084
0.0052
0.0080
0.0082
0.0082
0.0083
0.0088
0.0080
0.0080
0.0081
0.0082
0.0078
0.0081
0.0081
0.0082
0.0082
0.0061
0.0081
0.0081
0.0082
0.0082
0.0073
0.0082
0.0082
0.0083
0.0083
0.0065
0.0081
0.0080
0.0080
0.0080
0.0069
0.0080
0.0081
0.0081
0.0081
0.0065
0.0081
0.0081
0.0081
0.0081
0.0066
0.0080
0.0080
0.0081
0.0081
0.0079
0.0081
0.0081
0.0081
0.0082
0.0087
0.0079
0.0080
0.0081
0.0080
0.0061
0.0076
0.0079
0.0080
0.0080
0.0072
0.0080
0.0080
0.0080
0.0081
0.0065
0.0083
0.0081
0.0082
0.0082
0.0083
0.0079
0.0080
0.0081
0.0080
0.0056
0.0079
0.0080
0.0079
0.0079
0.0079
0.0081
0.0081
0.0080
0.0080
0.0096
0.0077
0.0078
0.0079
0.0080
0.0058
0.0082
0.0082
0.0081
0.0081
0.0071
0.0079
0.0079
0.0079
0.0079
0.0090
0.0079
0.0080
0.0080
0.0080
0.0067
0.0081
0.0081
0.0080
0.0080
0.0101
0.0080
0.0080
0.0080
0.0080
0.0053
0.0077
0.0078
0.0078
0.0078
0.0065
0.0080
0.0080
0.0081
0.0080
0.0058
0.0079
0.0080
0.0080
0.0079
0.0085
0.0076
0.0077
0.0079
0.0079
0.0093
0.0079
0.0080
0.0079
0.0079
0.0049
0.0078
0.0078
0.0078
0.0078
0.0062
0.0079
0.0078
0.0079
0.0078
0.0076
0.0077
0.0077
0.0078
0.0079
0.0076
0.0078
0.0078
0.0079
0.0078
0.0109
0.0079
0.0077
0.0078
0.0078
0.0087
0.0079
0.0077
0.0077
0.0078
0.0057
0.0080
0.0079
0.0079
0.0079
0.0080
0.0076
0.0077
0.0077
0.0077
0.0076
0.0076
0.0076
0.0076
0.0077
0.0065
0.0079
0.0078
0.0078
0.0078
0.0071
0.0076
0.0078
0.0078
0.0078
0.0080
0.0078
0.0077
0.0077
0.0078
0.0078
0.0078
0.0078
0.0079
0.0078
0.0080
0.0078
0.0077
0.0077
0.0077
0.0091
0.0078
0.0078
0.0078
0.0078
0.0066
0.0077
0.0077
0.0077
0.0078
0.0076
0.0076
0.0076
0.0076
0.0076
0.0127
0.0077
0.0078
0.0078
0.0078
0.0091
0.0077
0.0077
0.0077
0.0077
0.0052
0.0079
0.0078
0.0078
0.0077
0.0056
0.0077
0.0076
0.0076
0.0077
0.0057
0.0077
0.0076
0.0076
0.0076
0.0071
0.0077
0.0078
0.0078
0.0077
0.0071
0.0077
0.0077
0.0078
0.0078
0.0076
0.0076
0.0076
0.0076
0.0077
0.0062
0.0075
0.0076
0.0077
0.0077
0.0053
0.0076
0.0076
0.0076
0.0076
0.0083
0.0077
0.0078
0.0078
0.0077
0.0073
0.0078
0.0076
0.0076
0.0076
0.0062
0.0074
0.0076
0.0076
0.0076
0.0056
0.0078
0.0077
0.0076
0.0077
0.0104
0.0075
0.0078
0.0078
0.0077
0.0070
0.0076
0.0075
0.0076
0.0076
0.0126
0.0075
0.0076
0.0076
0.0076
0.0088
0.0077
0.0076
0.0076
0.0076
0.0078
0.0074
0.0075
0.0075
0.0075
0.0054
0.0071
0.0074
0.0075
0.0075
0.0047
0.0077
0.0078
0.0078
0.0078
0.0063
0.0077
0.0077
0.0077
0.0077
0.0057
0.0075
0.0076
0.0076
0.0076
0.0078
0.0076
0.0076
0.0077
0.0077
0.0055
0.0074
0.0075
0.0075
0.0076
0.0084
0.0074
0.0075
0.0075
0.0075
0.0083
0.0077
0.0075
0.0076
0.0076
0.0080
0.0076
0.0075
0.0075
0.0075
0.0068
0.0075
0.0076
0.0076
0.0075
0.0058
0.0072
0.0074
0.0075
0.0075
0.0083
0.0076
0.0075
0.0076
0.0076
0.0101
0.0077
0.0076
0.0076
0.0076
0.0094
0.0074
0.0075
0.0075
0.0075
0.0096
0.0075
0.0076
0.0075
0.0076
0.0058
0.0076
0.0074
0.0074
0.0075
0.0112
0.0074
0.0076
0.0075
0.0076
0.0087
0.0079
0.0076
0.0077
0.0076
0.0055
0.0074
0.0074
0.0074
0.0074
0.0066
0.0076
0.0076
0.0075
0.0075
0.0063
0.0076
0.0076
0.0075
0.0076
0.0049
0.0077
0.0076
0.0076
0.0076
0.0064
0.0075
0.0075
0.0076
0.0075
0.0070
0.0074
0.0074
0.0074
0.0074
0.0074
0.0076
0.0075
0.0074
0.0074
0.0081
0.0077
0.0077
0.0076
0.0075
0.0081
0.0075
0.0074
0.0074
0.0074
0.0061
0.0073
0.0075
0.0076
0.0075
0.0077
0.0075
0.0075
0.0074
0.0074
0.0096
0.0075
0.0074
0.0074
0.0074
0.0059
0.0074
0.0075
0.0074
0.0074
0.0093
0.0074
0.0074
0.0074
0.0074
0.0055
0.0075
0.0075
0.0075
0.0075
0.0074
0.0073
0.0073
0.0074
0.0074
0.0078
0.0074
0.0074
0.0074
0.0074
0.0046
0.0073
0.0075
0.0074
0.0075
0.0073
0.0075
0.0074
0.0074
0.0074
0.0073
0.0072
0.0073
0.0074
0.0074
0.0073
0.0073
0.0074
0.0075
0.0075
0.0063
0.0073
0.0073
0.0074
0.0074
0.0068
0.0075
0.0075
0.0074
0.0074
0.0085
0.0074
0.0074
0.0074
0.0074
0.0049
0.0075
0.0074
0.0074
0.0074
0.0078
0.0075
0.0074
0.0075
0.0075
0.0068
0.0073
0.0073
0.0073
0.0074
0.0065
0.0074
0.0073
0.0072
0.0073
0.0079
0.0074
0.0074
0.0074
0.0074
0.0076
0.0073
0.0073
0.0074
0.0074
0.0089
0.0071
0.0073
0.0074
0.0074
0.0056
0.0072
0.0074
0.0074
0.0074
0.0066
0.0076
0.0075
0.0075
0.0074
0.0059
0.0075
0.0074
0.0074
0.0074
0.0069
0.0075
0.0075
0.0075
0.0074
0.0054
0.0072
0.0073
0.0074
0.0074
0.0049
0.0075
0.0074
0.0074
0.0074
0.0050
0.0073
0.0073
0.0074
0.0074
0.0054
0.0073
0.0074
0.0074
0.0074
0.0099
0.0076
0.0074
0.0073
0.0073
0.0060
0.0073
0.0073
0.0074
0.0074
0.0085
0.0074
0.0075
0.0074
0.0074
0.0044
0.0072
0.0073
0.0072
0.0073
0.0045
0.0073
0.0073
0.0074
0.0074
0.0077
0.0074
0.0074
0.0074
0.0074
0.0072
0.0072
0.0073
0.0074
0.0074
0.0059
0.0075
0.0076
0.0076
0.0075
0.0084
0.0072
0.0072
0.0072
0.0072
0.0065
0.0075
0.0074
0.0073
0.0073
0.0100
0.0072
0.0073
0.0073
0.0074
0.0071
0.0073
0.0072
0.0073
0.0073
0.0092
0.0075
0.0075
0.0074
0.0074
0.0081
0.0074
0.0074
0.0075
0.0074
0.0079
0.0077
0.0075
0.0075
0.0074
0.0081
0.0072
0.0074
0.0074
0.0074
0.0080
0.0073
0.0074
0.0074
0.0074
0.0052
0.0071
0.0072
0.0073
0.0074
0.0069
0.0075
0.0075
0.0075
0.0075
0.0078
0.0072
0.0074
0.0074
0.0073
0.0079
0.0071
0.0073
0.0072
0.0072
0.0107
0.0072
0.0073
0.0073
0.0073
0.0091
0.0073
0.0074
0.0075
0.0074
0.0074
0.0075
0.0075
0.0074
0.0074
0.0072
0.0074
0.0074
0.0074
0.0074
0.0057
0.0072
0.0073
0.0073
0.0073
0.0084
0.0075
0.0074
0.0074
0.0075
0.0069
0.0075
0.0074
0.0074
0.0074
0.0073
0.0076
0.0077
0.0075
0.0075
0.0064
0.0074
0.0074
0.0073
0.0073
0.0079
0.0075
0.0075
0.0074
0.0074
0.0046
0.0073
0.0074
0.0074
0.0074
0.0071
0.0074
0.0074
0.0074
0.0073
0.0094
0.0075
0.0074
0.0074
0.0074
0.0114
0.0073
0.0073
0.0074
0.0074
0.0104
0.0076
0.0075
0.0075
0.0075
0.0073
0.0072
0.0073
0.0073
0.0074
0.0070
0.0072
0.0073
0.0074
0.0074
0.0071
0.0073
0.0073
0.0074
0.0074
0.0095
0.0075
0.0075
0.0073
0.0073
0.0043
0.0073
0.0073
0.0074
0.0074
0.0072
0.0076
0.0074
0.0074
0.0074
0.0095
0.0072
0.0073
0.0073
0.0073
0.0086
0.0074
0.0075
0.0075
0.0075
0.0105
0.0076
0.0075
0.0074
0.0074
0.0058
0.0073
0.0073
0.0074
0.0073
0.0060
0.0072
0.0073
0.0072
0.0073
0.0072
0.0073
0.0074
0.0074
0.0074
0.0063
0.0073
0.0074
0.0073
0.0074
0.0080
0.0073
0.0074
0.0073
0.0073
0.0088
0.0075
0.0075
0.0074
0.0073
0.0090
0.0074
0.0074
0.0074
0.0074
0.0060
0.0075
0.0074
0.0075
0.0075
0.0071
0.0072
0.0073
0.0073
0.0072
0.0095
0.0074
0.0073
0.0073
0.0074
0.0068
0.0073
0.0073
0.0074
0.0073
0.0068
0.0073
0.0073
0.0073
0.0073
0.0088
0.0075
0.0076
0.0075
0.0075
0.0074
0.0075
0.0074
0.0074
0.0073
0.0070
0.0073
0.0073
0.0073
0.0073
0.0095
0.0074
0.0072
0.0073
0.0074
0.0090
0.0074
0.0073
0.0074
0.0073
0.0068
0.0075
0.0075
0.0074
0.0074
0.0050
0.0073
0.0073
0.0073
0.0073
0.0070
0.0076
0.0075
0.0076
0.0075
0.0079
0.0076
0.0074
0.0074
0.0074
0.0096
0.0073
0.0074
0.0073
0.0073
0.0091
0.0074
0.0075
0.0074
0.0074
0.0088
0.0076
0.0074
0.0074
0.0073
0.0059
0.0072
0.0075
0.0074
0.0074
0.0052
0.0074
0.0075
0.0074
0.0073
0.0053
0.0073
0.0073
0.0072
0.0073
0.0053
0.0070
0.0071
0.0073
0.0073
0.0087
0.0073
0.0073
0.0074
0.0074
0.0060
0.0074
0.0074
0.0074
0.0073
0.0077
0.0070
0.0071
0.0072
0.0072
0.0048
0.0071
0.0073
0.0073
0.0072
0.0079
0.0074
0.0075
0.0074
0.0073
0.0089
0.0071
0.0073
0.0073
0.0073
0.0072
0.0073
0.0073
0.0073
0.0073
0.0098
0.0073
0.0073
0.0073
0.0073
0.0118
0.0073
0.0074
0.0073
0.0073
0.0081
0.0072
0.0073
0.0073
0.0073
0.0079
0.0074
0.0074
0.0074
0.0074
0.0078
0.0075
0.0074
0.0073
0.0073
0.0079
0.0071
0.0071
0.0073
0.0072
0.0063
0.0073
0.0073
0.0073
0.0074
0.0071
0.0072
0.0074
0.0074
0.0074
0.0097
0.0073
0.0074
0.0073
0.0073
0.0077
0.0074
0.0073
0.0073
0.0073
0.0056
0.0074
0.0074
0.0073
0.0073
0.0077
0.0072
0.0073
0.0074
0.0075
0.0064
0.0072
0.0072
0.0073
0.0074
0.0050
0.0072
0.0073
0.0073
0.0073
0.0074
0.0071
0.0074
0.0073
0.0073
0.0074
0.0071
0.0073
0.0073
0.0073
0.0081
0.0074
0.0073
0.0073
0.0073
0.0081
0.0073
0.0073
0.0073
0.0074
0.0066
0.0073
0.0073
0.0073
0.0073
0.0070
0.0073
0.0072
0.0073
0.0073
0.0075
0.0075
0.0074
0.0074
0.0074
0.0084
0.0074
0.0074
0.0074
0.0074
0.0072
0.0072
0.0072
0.0072
0.0073
0.0068
0.0072
0.0073
0.0073
0.0073
0.0061
0.0073
0.0073
0.0073
0.0073
0.0051
0.0072
0.0074
0.0073
0.0073
0.0067
0.0075
0.0074
0.0073
0.0073
0.0064
0.0077
0.0076
0.0074
0.0074
0.0068
0.0075
0.0075
0.0074
0.0073
0.0110
0.0073
0.0073
0.0074
0.0074
0.0056
0.0072
0.0073
0.0073
0.0073
0.0082
0.0071
0.0072
0.0073
0.0074
0.0064
0.0071
0.0073
0.0073
0.0073
0.0123
0.0074
0.0073
0.0073
0.0072
0.0069
0.0073
0.0072
0.0073
0.0073
0.0064
0.0074
0.0074
0.0073
0.0073
0.0081
0.0073
0.0073
0.0073
0.0073
0.0076
0.0074
0.0074
0.0074
0.0074
0.0103
0.0072
0.0073
0.0074
0.0074
0.0062
0.0072
0.0074
0.0073
0.0073
0.0075
0.0073
0.0073
0.0073
0.0073
0.0071
0.0074
0.0074
0.0074
0.0074
0.0080
0.0073
0.0074
0.0074
0.0074
0.0063
0.0071
0.0071
0.0071
0.0071
0.0063
0.0075
0.0074
0.0074
0.0074
0.0084
0.0072
0.0072
0.0072
0.0073
0.0085
0.0075
0.0074
0.0074
0.0074
0.0078
0.0077
0.0075
0.0074
0.0073
0.0076
0.0072
0.0072
0.0073
0.0074
0.0060
0.0073
0.0072
0.0073
0.0073
0.0092
0.0072
0.0073
0.0073
0.0073
0.0088
0.0073
0.0072
0.0072
0.0071
0.0089
0.0072
0.0072
0.0072
0.0072
0.0082
0.0075
0.0074
0.0074
0.0074
0.0059
0.0072
0.0073
0.0073
0.0073
0.0076
0.0072
0.0073
0.0074
0.0073
0.0103
0.0073
0.0073
0.0073
0.0073
0.0068
0.0074
0.0074
0.0074
0.0073
0.0054
0.0074
0.0074
0.0074
0.0074
0.0086
0.0073
0.0072
0.0073
0.0072
0.0080
0.0073
0.0073
0.0074
0.0073
0.0064
0.0073
0.0076
0.0074
0.0074
0.0054
0.0073
0.0074
0.0073
0.0073
0.0066
0.0079
0.0076
0.0075
0.0075
0.0074
0.0072
0.0073
0.0072
0.0072
0.0063
0.0074
0.0074
0.0073
0.0074
0.0070
0.0073
0.0073
0.0074
0.0073
0.0059
0.0074
0.0074
0.0074
0.0074
0.0057
0.0073
0.0073
0.0073
0.0073
0.0069
0.0073
0.0074
0.0074
0.0074
0.0085
0.0073
0.0072
0.0072
0.0073
0.0068
0.0073
0.0074
0.0073
0.0073
0.0081
0.0073
0.0072
0.0072
0.0072
0.0080
0.0072
0.0072
0.0073
0.0073
0.0065
0.0072
0.0073
0.0073
0.0073
0.0067
0.0075
0.0074
0.0073
0.0073
0.0064
0.0073
0.0073
0.0073
0.0073
0.0062
0.0071
0.0071
0.0073
0.0073
0.0081
0.0077
0.0074
0.0074
0.0073
0.0076
0.0075
0.0073
0.0073
0.0073
