27
23
21
21
20
17
17
17
17
17
16
16
16
15
15
15
14
14
14
14
13
14
14
13
13
12
13
13
13
13
12
12
12
12
12
11
11
11
11
11
12
11
11
11
11
9.9985
10
10
10
10
11
10
10
10
10
10
10
10
10
10
8.7137
9.7890
9.6871
9.7238
9.7306
9.9471
9.3997
9.4023
9.3965
9.3881
9.3728
9.1339
9.1620
9.1469
9.1206
8.7689
8.7126
8.8204
8.8006
8.8215
7.8995
8.5263
8.5325
8.5405
8.5679
8.3727
8.3684
8.3411
8.3477
8.3438
8.5388
8.0939
8.1235
8.0735
8.1004
7.7979
7.8939
7.8908
7.9120
7.9001
8.1613
7.7301
7.7003
7.6924
7.6932
7.1036
7.3354
7.3814
7.4740
7.5024
6.4264
7.2624
7.3420
7.3172
7.3054
6.8440
7.0631
7.0616
7.1095
7.1256
6.9951
6.9480
6.8398
6.9358
6.9556
6.3942
6.6759
6.6803
6.7589
6.8153
6.3617
6.5549
6.6193
6.6670
6.6555
7.0498
6.5135
6.4867
6.4805
6.4969
5.5644
6.3110
6.2737
6.3146
6.3639
6.3641
6.1898
6.2106
6.2050
6.2191
5.4490
6.0798
6.0950
6.1118
6.1164
6.0858
5.8881
5.8993
5.9341
5.9627
5.9830
5.6883
5.7467
5.7822
5.8109
6.0932
5.6917
5.6791
5.6876
5.7069
6.2914
5.5590
5.5794
5.5861
5.6039
5.4454
5.3969
5.4386
5.4440
5.4891
6.1619
5.2734
5.3573
5.3299
5.3493
5.6858
5.1282
5.2183
5.2412
5.2559
5.4579
5.0888
5.1262
5.1461
5.1744
5.8617
5.0818
5.0508
5.0311
5.0800
4.4614
4.8525
4.8835
4.9212
4.9696
4.9541
4.8510
4.8510
4.8762
4.8791
5.7967
4.7014
4.6934
4.7569
4.7838
4.3724
4.5960
4.6061
4.6489
4.6991
4.7969
4.5516
4.5949
4.6126
4.6354
5.4784
4.4400
4.5007
4.4958
4.5279
4.7304
4.3445
4.4235
4.4290
4.4689
4.6799
4.3528
4.3556
4.3784
4.4040
3.9898
4.1959
4.2355
4.2549
4.3125
3.8303
4.1204
4.1495
4.1816
4.2328
4.1702
4.1139
4.1441
4.1471
4.1730
3.8417
4.0135
4.0437
4.0641
4.0791
3.6513
3.9512
3.9737
4.0131
4.0527
4.1062
3.8699
3.9455
3.9385
3.9798
3.7799
3.8655
3.8330
3.8582
3.8678
4.0495
3.7004
3.7470
3.7834
3.8194
3.8508
3.7306
3.7677
3.7848
3.7956
3.8443
3.5949
3.6410
3.6867
3.7182
3.2993
3.5723
3.6013
3.6166
3.6438
3.7278
3.5022
3.5247
3.5574
3.5902
3.8672
3.4449
3.4862
3.5329
3.5668
3.6258
3.3770
3.4062
3.4514
3.4872
3.6805
3.3434
3.4079
3.4321
3.4584
3.1072
3.2998
3.3474
3.3963
3.4099
3.3161
3.2576
3.2843
3.3210
3.3301
3.6759
3.2357
3.2394
3.2786
3.2960
3.3555
3.0807
3.1580
3.1947
3.2262
2.7920
3.0854
3.0891
3.1550
3.1835
3.9071
3.0388
3.0883
3.1416
3.1639
3.3496
2.9989
3.0382
3.0712
3.0902
2.7167
2.9682
2.9854
3.0263
3.0428
1.9538
2.9338
2.9486
2.9942
3.0047
2.4236
2.9379
2.9759
2.9774
2.9842
3.2783
2.8699
2.8991
2.8981
2.9212
3.0814
2.8446
2.8645
2.8927
2.9184
3.2374
2.7485
2.7875
2.8399
2.8827
3.5379
2.7270
2.7822
2.8142
2.8402
3.0229
2.7053
2.7459
2.7729
2.7827
2.2683
2.6846
2.6906
2.7156
2.7485
2.5649
2.6174
2.6536
2.6766
2.7015
2.3241
2.5878
2.6283
2.6668
2.6930
2.6433
2.6082
2.5853
2.6088
2.6466
2.5818
2.5820
2.5821
2.5951
2.6129
2.3942
2.4890
2.4961
2.5365
2.5652
2.8313
2.4814
2.5292
2.5509
2.5673
2.9329
2.4426
2.4731
2.5183
2.5443
2.9119
2.5081
2.4876
2.5028
2.5156
2.4380
2.3902
2.4473
2.4588
2.4698
2.0006
2.3311
2.3441
2.3962
2.4227
2.4439
2.3754
2.4000
2.4098
2.4314
2.4875
2.2759
2.3078
2.3517
2.3716
2.3565
2.2755
2.3181
2.3152
2.3435
1.8808
2.2282
2.2750
2.3229
2.3495
2.1107
2.2303
2.2311
2.2491
2.2770
2.3340
2.2198
2.2392
2.2529
2.2808
2.4948
2.1830
2.2015
2.2126
2.2370
2.1795
2.1434
2.1773
2.2058
2.2274
1.9580
2.1381
2.1850
2.2086
2.2037
2.1010
2.0865
2.1279
2.1486
2.1596
1.7324
2.0431
2.0822
2.1292
2.1380
1.6974
2.0914
2.0919
2.1242
2.1508
2.1524
2.0360
2.0585
2.1035
2.1215
1.4517
2.0485
2.0368
2.0650
2.0879
1.5333
1.9869
2.0348
2.0409
2.0616
2.0012
1.9794
1.9842
2.0123
2.0364
2.1825
1.9786
1.9871
2.0129
2.0272
1.7465
1.9392
1.9665
1.9855
1.9972
2.2499
1.9420
1.9340
1.9598
1.9784
1.9658
1.8661
1.9061
1.9403
1.9619
1.7595
1.8706
1.8823
1.9150
1.9263
2.1755
1.9005
1.9200
1.9126
1.9341
1.9809
1.8506
1.8846
1.9067
1.9156
1.8262
1.8119
1.8454
1.8533
1.8783
2.2569
1.9017
1.8699
1.8616
1.8749
2.1361
1.7812
1.7961
1.8269
1.8418
2.0090
1.7822
1.8228
1.8363
1.8449
1.6711
1.7747
1.7938
1.8018
1.8126
1.6912
1.7316
1.7498
1.7700
1.7977
1.7745
1.7093
1.7205
1.7456
1.7734
1.7597
1.7127
1.7333
1.7537
1.7779
1.5933
1.6620
1.6994
1.7150
1.7381
1.4007
1.6543
1.6939
1.7089
1.7412
2.2771
1.6872
1.6886
1.7153
1.7323
1.8339
1.6551
1.6992
1.7063
1.7255
1.7308
1.6540
1.6724
1.6878
1.6849
1.5242
1.6072
1.6269
1.6576
1.6777
1.4098
1.6158
1.6369
1.6619
1.6592
1.4745
1.5975
1.6285
1.6401
1.6545
1.4279
1.5992
1.5941
1.6143
1.6291
1.6839
1.5595
1.5951
1.6150
1.6311
1.9403
1.5834
1.5588
1.5918
1.5967
1.6969
1.5102
1.5426
1.5643
1.5945
1.3926
1.5163
1.5353
1.5551
1.5695
1.9455
1.5152
1.5284
1.5450
1.5633
1.1316
1.5100
1.5081
1.5314
1.5569
1.2684
1.4885
1.5016
1.5167
1.5254
1.4832
1.5107
1.5045
1.5146
1.5258
1.3092
1.4860
1.4987
1.5025
1.5121
1.2793
1.4551
1.4612
1.4747
1.5004
1.5533
1.4457
1.4412
1.4702
1.4839
1.0991
1.4395
1.4563
1.4746
1.4881
1.4824
1.4216
1.4270
1.4542
1.4596
1.4438
1.4129
1.4517
1.4465
1.4658
1.4689
1.4082
1.4263
1.4457
1.4596
1.3751
1.3833
1.3944
1.4083
1.4293
1.0742
1.3647
1.3611
1.3962
1.4129
1.2431
1.3612
1.3811
1.3944
1.4106
1.3123
1.3644
1.3782
1.3862
1.3847
1.1833
1.3124
1.3396
1.3674
1.3810
1.5354
1.2899
1.3226
1.3471
1.3658
1.3208
1.3046
1.3137
1.3516
1.3724
1.4371
1.3228
1.3370
1.3478
1.3639
1.2519
1.3157
1.3216
1.3355
1.3477
1.2313
1.2962
1.3029
1.3281
1.3393
1.0619
1.2795
1.2984
1.3174
1.3209
1.5309
1.2799
1.2697
1.2869
1.3167
1.3586
1.2513
1.2835
1.2959
1.3072
0.8948
1.2888
1.2845
1.2819
1.2949
1.1833
1.2595
1.2782
1.3057
1.3167
0.8254
1.2234
1.2419
1.2606
1.2730
1.1534
1.2296
1.2506
1.2530
1.2598
1.2333
1.2303
1.2436
1.2461
1.2544
1.1943
1.2235
1.2390
1.2454
1.2542
1.1121
1.2141
1.2296
1.2440
1.2543
1.2885
1.1846
1.2041
1.2227
1.2348
1.2150
1.1923
1.2051
1.2301
1.2462
1.3033
1.1818
1.1945
1.2090
1.2278
1.1044
1.1652
1.1800
1.1946
1.2110
1.3470
1.1566
1.1528
1.1781
1.1878
1.0433
1.1416
1.1618
1.1740
1.1803
1.2910
1.1298
1.1743
1.1826
1.1931
1.4430
1.1213
1.1491
1.1688
1.1762
1.2503
1.1352
1.1542
1.1625
1.1813
0.9481
1.1493
1.1519
1.1716
1.1770
1.3994
1.1377
1.1391
1.1487
1.1559
0.8399
1.1094
1.1129
1.1320
1.1483
1.0301
1.1233
1.1198
1.1394
1.1435
0.9589
1.0812
1.1007
1.1142
1.1264
1.0222
1.0923
1.1092
1.1279
1.1355
1.0477
1.0448
1.0551
1.0816
1.1062
0.9665
1.1037
1.0958
1.1165
1.1261
1.4989
1.1136
1.0903
1.0999
1.1124
0.8670
1.0972
1.0816
1.0872
1.0956
0.8461
1.0576
1.0724
1.0864
1.0940
1.2704
1.0214
1.0713
1.0844
1.0865
0.7939
1.0502
1.0681
1.0786
1.0875
1.0791
1.0291
1.0477
1.0521
1.0679
1.2969
1.0184
1.0319
1.0511
1.0684
1.0208
1.0578
1.0638
1.0575
1.0677
1.0843
1.0243
1.0366
1.0489
1.0543
0.9207
1.0097
1.0229
1.0371
1.0464
0.8995
1.0006
1.0508
1.0464
1.0537
0.8862
1.0122
1.0098
1.0183
1.0265
1.1492
1.0052
0.9981
1.0182
1.0216
0.9150
0.9977
1.0102
1.0296
1.0330
0.9410
0.9878
0.9873
1.0078
1.0259
1.1265
0.9898
0.9894
0.9909
1.0067
0.8692
0.9429
0.9681
0.9854
1.0004
0.8908
0.9510
0.9571
0.9779
0.9965
0.7540
0.9718
0.9778
0.9927
1.0092
0.9460
0.9721
0.9689
0.9709
0.9836
0.9756
0.8710
0.8582
0.8447
0.8310
0.7210
0.7834
0.7830
0.7798
0.7756
0.5415
0.7361
0.7367
0.7363
0.7416
0.6805
0.7436
0.7319
0.7299
0.7259
0.6579
0.7129
0.7117
0.7001
0.7071
0.7146
0.6743
0.6828
0.6851
0.6910
0.6853
0.6754
0.6738
0.6774
0.6812
0.8165
0.6797
0.6856
0.6817
0.6813
0.5169
0.6766
0.6706
0.6708
0.6716
0.6917
0.6647
0.6614
0.6618
0.6687
0.4441
0.6608
0.6560
0.6577
0.6560
0.5024
0.6447
0.6544
0.6531
0.6559
0.6871
0.6433
0.6411
0.6490
0.6496
0.5981
0.6292
0.6374
0.6333
0.6341
0.5498
0.6375
0.6425
0.6372
0.6360
0.9158
0.6394
0.6353
0.6307
0.6344
0.7855
0.6196
0.6229
0.6302
0.6330
0.6274
0.6236
0.6302
0.6290
0.6259
0.6336
0.5989
0.6060
0.6092
0.6157
0.6239
0.6288
0.6276
0.6249
0.6225
0.5819
0.6079
0.6101
0.6060
0.6096
0.6629
0.6106
0.6137
0.6094
0.6044
0.5004
0.6021
0.5993
0.6058
0.6078
0.6889
0.5839
0.5918
0.5957
0.6054
0.6605
0.6077
0.6042
0.5989
0.5997
0.6546
0.5917
0.5954
0.5947
0.5948
0.4554
0.6047
0.5923
0.5909
0.5941
0.6464
0.5981
0.5913
0.5877
0.5899
0.5432
0.5763
0.5884
0.5839
0.5851
0.6277
0.5807
0.5792
0.5820
0.5853
0.6371
0.5860
0.5923
0.5949
0.5935
0.5027
0.5802
0.5846
0.5794
0.5894
0.5928
0.5768
0.5813
0.5840
0.5861
0.5030
0.5634
0.5710
0.5769
0.5764
0.5010
0.5671
0.5704
0.5782
0.5758
0.4653
0.5621
0.5606
0.5658
0.5675
0.5129
0.5725
0.5647
0.5643
0.5653
0.5063
0.5632
0.5576
0.5661
0.5684
0.6391
0.5614
0.5663
0.5609
0.5622
0.6263
0.5515
0.5566
0.5575
0.5609
0.5856
0.5512
0.5655
0.5647
0.5646
0.4889
0.5605
0.5679
0.5704
0.5654
0.4518
0.5536
0.5620
0.5637
0.5639
0.4572
0.5505
0.5548
0.5514
0.5545
0.5073
0.5365
0.5417
0.5521
0.5527
0.5966
0.5611
0.5495
0.5526
0.5544
0.4318
0.5424
0.5480
0.5520
0.5498
0.6202
0.5505
0.5464
0.5483
0.5471
0.5269
0.5466
0.5409
0.5426
0.5414
0.7631
0.5509
0.5472
0.5523
0.5517
0.5136
0.5391
0.5410
0.5419
0.5472
0.4678
0.5338
0.5424
0.5429
0.5438
0.6051
0.5409
0.5426
0.5459
0.5421
0.4288
0.5344
0.5397
0.5402
0.5418
0.6416
0.5403
0.5293
0.5286
0.5291
0.4763
0.5399
0.5335
0.5346
0.5382
0.5406
0.5383
0.5443
0.5399
0.5402
0.5503
0.5372
0.5322
0.5311
0.5353
0.5402
0.5354
0.5296
0.5295
0.5343
0.6448
0.5220
0.5222
0.5267
0.5312
0.3457
0.5095
0.5221
0.5241
0.5299
0.5264
0.5394
0.5382
0.5342
0.5331
0.4258
0.5276
0.5276
0.5328
0.5260
0.5446
0.5464
0.5388
0.5317
0.5288
0.4866
0.5132
0.5228
0.5226
0.5245
0.6557
0.5216
0.5271
0.5259
0.5246
0.3544
0.5224
0.5191
0.5236
0.5257
0.5211
0.5178
0.5185
0.5216
0.5223
0.6192
0.5164
0.5194
0.5202
0.5164
0.5546
0.5166
0.5169
0.5189
0.5178
0.5213
0.5064
0.5058
0.5079
0.5134
0.6280
0.4993
0.5130
0.5141
0.5158
0.4758
0.5139
0.5152
0.5135
0.5167
0.6388
0.5153
0.5157
0.5199
0.5184
0.5177
0.4984
0.4984
0.5041
0.5102
0.4581
0.5141
0.5123
0.5087
0.5103
0.4079
0.4938
0.5015
0.5093
0.5103
0.4858
0.4962
0.5021
0.5111
0.5113
0.4218
0.5025
0.5096
0.5068
0.5078
0.5375
0.5049
0.4973
0.5023
0.5062
0.4622
0.4941
0.4969
0.5024
0.5011
0.5516
0.4877
0.4913
0.4993
0.5018
0.3990
0.4953
0.4962
0.4993
0.4997
0.4244
0.4969
0.4960
0.4952
0.4981
0.5735
0.5048
0.5044
0.5032
0.5033
0.5392
0.4931
0.4957
0.4993
0.5005
0.3466
0.4890
0.4909
0.4927
0.4953
0.5634
0.4868
0.4928
0.4952
0.4993
0.3969
0.4888
0.4830
0.4927
0.4953
0.4438
0.4958
0.4960
0.4931
0.4988
0.3543
0.4876
0.4840
0.4940
0.4935
0.5205
0.4808
0.4853
0.4861
0.4886
0.4872
0.4901
0.4920
0.4884
0.4895
0.4113
0.4775
0.4955
0.4930
0.4908
0.5836
0.4770
0.4779
0.4859
0.4896
0.4144
0.4783
0.4763
0.4810
0.4836
0.4831
0.4800
0.4808
0.4823
0.4873
0.5574
0.4857
0.4830
0.4847
0.4838
0.5566
0.4864
0.4844
0.4817
0.4786
0.3853
0.4761
0.4859
0.4847
0.4813
0.5938
0.4850
0.4817
0.4794
0.4753
0.4728
0.4773
0.4762
0.4762
0.4759
0.5190
0.4747
0.4692
0.4713
0.4727
0.5298
0.4637
0.4645
0.4637
0.4653
0.4646
0.4627
0.4692
0.4730
0.4738
0.3192
0.4639
0.4689
0.4700
0.4691
0.5072
0.4784
0.4738
0.4749
0.4718
0.5997
0.4695
0.4617
0.4636
0.4626
0.4698
0.4588
0.4623
0.4635
0.4647
0.4498
0.4727
0.4615
0.4578
0.4594
0.5670
0.4766
0.4715
0.4685
0.4665
0.6252
0.4819
0.4724
0.4700
0.4677
0.4231
0.4708
0.4697
0.4679
0.4666
0.5544
0.4506
0.4584
0.4628
0.4624
0.3949
0.4669
0.4732
0.4695
0.4712
0.4455
0.4591
0.4666
0.4680
0.4672
0.5039
0.4575
0.4651
0.4658
0.4671
0.5607
0.4641
0.4655
0.4630
0.4611
0.4157
0.4546
0.4641
0.4621
0.4686
0.4445
0.4610
0.4657
0.4608
0.4630
0.5543
0.4700
0.4562
0.4549
0.4549
0.5737
0.4573
0.4576
0.4574
0.4583
0.4538
0.4743
0.4676
0.4594
0.4596
0.5412
0.4637
0.4576
0.4577
0.4576
0.3494
0.4551
0.4568
0.4589
0.4585
0.4073
0.4517
0.4577
0.4552
0.4588
0.6010
0.4724
0.4644
0.4611
0.4613
0.3919
0.4648
0.4624
0.4638
0.4621
0.3889
0.4593
0.4584
0.4561
0.4578
0.4727
0.4666
0.4589
0.4625
0.4629
0.4986
0.4560
0.4586
0.4573
0.4561
0.5275
0.4590
0.4555
0.4566
0.4571
0.3976
0.4540
0.4591
0.4590
0.4569
0.4500
0.4625
0.4634
0.4670
0.4668
0.3937
0.4612
0.4572
0.4543
0.4523
0.5519
0.4514
0.4593
0.4584
0.4595
0.4188
0.4657
0.4615
0.4560
0.4599
0.3590
0.4552
0.4621
0.4587
0.4603
0.4447
0.4425
0.4522
0.4574
0.4554
0.4425
0.4455
0.4443
0.4498
0.4536
0.4207
0.4511
0.4599
0.4552
0.4557
0.5787
0.4612
0.4577
0.4587
0.4587
0.4787
0.4537
0.4560
0.4549
0.4567
0.6220
0.4515
0.4549
0.4553
0.4548
0.4351
0.4512
0.4553
0.4594
0.4605
0.3386
0.4615
0.4603
0.4579
0.4603
0.3690
0.4519
0.4587
0.4552
0.4571
0.4187
0.4518
0.4592
0.4586
0.4578
0.5701
0.4769
0.4635
0.4560
0.4574
0.4382
0.4548
0.4565
0.4624
0.4615
0.4123
0.4532
0.4536
0.4550
0.4543
0.3865
0.4404
0.4547
0.4583
0.4593
0.4642
0.4400
0.4462
0.4494
0.4530
0.4020
0.4601
0.4560
0.4560
0.4553
0.2674
0.4491
0.4480
0.4527
0.4567
0.4695
0.4547
0.4389
0.4480
0.4501
0.5199
0.4538
0.4519
0.4550
0.4531
0.4457
0.4475
0.4500
0.4481
0.4522
0.5032
0.4505
0.4543
0.4532
0.4502
0.4948
0.4556
0.4556
0.4545
0.4547
0.3107
0.4534
0.4491
0.4480
0.4478
0.3455
0.4548
0.4537
0.4544
0.4536
0.4293
0.4567
0.4509
0.4503
0.4497
0.3662
0.4410
0.4440
0.4480
0.4523
0.4106
0.4669
0.4623
0.4564
0.4549
0.4377
0.4665
0.4588
0.4586
0.4572
0.6743
0.4448
0.4514
0.4507
0.4508
0.5071
0.4560
0.4533
0.4509
0.4489
0.3946
0.4566
0.4499
0.4548
0.4507
0.4954
0.4439
0.4433
0.4542
0.4518
0.5561
0.4640
0.4583
0.4598
0.4589
0.3159
0.4521
0.4435
0.4502
0.4517
0.4173
0.4407
0.4543
0.4504
0.4546
0.4103
0.4465
0.4471
0.4514
0.4519
0.3516
0.4595
0.4511
0.4552
0.4540
0.4290
0.4663
0.4597
0.4566
0.4577
0.5690
0.4499
0.4517
0.4549
0.4542
0.4619
0.4555
0.4559
0.4489
0.4499
0.4595
0.4422
0.4483
0.4528
0.4529
0.3928
0.4584
0.4569
0.4572
0.4540
0.4310
0.4513
0.4575
0.4555
0.4511
0.4104
0.4521
0.4506
0.4526
0.4505
0.4901
0.4380
0.4466
0.4459
0.4465
0.7894
0.4471
0.4460
0.4435
0.4467
0.4944
0.4479
0.4527
0.4529
0.4536
0.4434
0.4486
0.4450
0.4504
0.4504
0.4065
0.4468
0.4518
0.4518
0.4492
0.4446
0.4553
0.4527
0.4537
0.4517
0.2690
0.4382
0.4404
0.4463
0.4459
0.4363
0.4508
0.4500
0.4536
0.4528
0.4128
0.4533
0.4509
0.4522
0.4529
0.3996
0.4383
0.4439
0.4456
0.4471
0.4306
0.4531
0.4519
0.4449
0.4452
0.3960
0.4450
0.4572
0.4577
0.4574
0.4041
0.4519
0.4457
0.4446
0.4494
0.3828
0.4479
0.4499
0.4486
0.4501
0.5586
0.4454
0.4485
0.4487
0.4488
0.6170
0.4375
0.4420
0.4477
0.4485
0.5643
0.4452
0.4532
0.4514
0.4484
0.3303
0.4497
0.4541
0.4513
0.4509
0.5799
0.4589
0.4498
0.4507
0.4471
0.3671
0.4475
0.4463
0.4474
0.4490
0.3982
0.4645
0.4607
0.4565
0.4547
0.4652
0.4547
0.4500
0.4507
0.4530
0.4688
0.4332
0.4412
0.4464
0.4449
0.5125
0.4376
0.4384
0.4426
0.4469
0.4746
0.4603
0.4554
0.4485
0.4499
0.3410
0.4531
0.4494
0.4480
0.4429
0.3879
0.4446
0.4485
0.4486
0.4529
0.4634
0.4575
0.4542
0.4509
0.4517
0.3907
0.4481
0.4573
0.4553
0.4506
0.4698
0.4490
0.4439
0.4441
0.4468
0.6085
0.4612
0.4568
0.4519
0.4510
0.4946
0.4436
0.4390
0.4419
0.4430
0.4025
0.4415
0.4433
0.4477
0.4463
0.5810
0.4410
0.4400
0.4423
0.4407
0.4612
0.4528
0.4571
0.4533
0.4491
0.4615
0.4383
0.4460
0.4443
0.4443
0.3435
0.4455
0.4441
0.4468
0.4458
0.3316
0.4425
0.4424
0.4429
0.4412
0.3902
0.4389
0.4398
0.4387
0.4451
0.3949
0.4386
0.4476
0.4483
0.4481
0.4759
0.4545
0.4516
0.4543
0.4517
0.4531
0.4588
0.4585
0.4504
0.4475
0.5710
0.4455
0.4521
0.4526
0.4490
0.6455
0.4461
0.4394
0.4407
0.4398
0.4671
0.4398
0.4396
0.4364
0.4423
0.4813
0.4436
0.4425
0.4450
0.4490
0.7346
0.4451
0.4450
0.4395
0.4423
0.3539
0.4236
0.4302
0.4357
0.4399
0.5897
0.4418
0.4501
0.4479
0.4491
0.4197
0.4544
0.4626
0.4551
0.4505
0.4029
0.4508
0.4448
0.4450
0.4441
0.5399
0.4613
0.4517
0.4500
0.4503
0.4262
0.4448
0.4464
0.4435
0.4427
0.3829
0.4430
0.4472
0.4430
0.4451
0.3569
0.4464
0.4482
0.4460
0.4473
0.3484
0.4368
0.4367
0.4404
0.4422
0.4573
0.4470
0.4468
0.4465
0.4478
0.4324
0.4526
0.4512
0.4489
0.4478
0.3586
0.4337
0.4401
0.4446
0.4415
0.3652
0.4461
0.4514
0.4510
0.4512
0.4257
0.4409
0.4502
0.4505
0.4496
0.3800
0.4541
0.4528
0.4514
0.4497
0.5247
0.4327
0.4411
0.4451
0.4487
0.3229
0.4416
0.4402
0.4410
0.4409
0.4063
0.4393
0.4433
0.4423
0.4385
0.3951
0.4412
0.4394
0.4400
0.4389
0.5768
0.4615
0.4511
0.4481
0.4444
0.5404
0.4436
0.4463
0.4495
0.4467
0.3790
0.4398
0.4470
0.4489
0.4504
0.4158
0.4579
0.4551
0.4468
0.4438
0.4407
0.4503
0.4426
0.4391
0.4387
0.4007
0.4550
0.4497
0.4486
0.4496
0.4697
0.4548
0.4492
0.4470
0.4470
0.4748
0.4570
0.4525
0.4502
0.4481
0.3690
0.4448
0.4501
0.4485
0.4487
0.4342
0.4448
0.4458
0.4494
0.4478
0.5048
0.4478
0.4502
0.4466
0.4438
0.4592
0.4491
0.4490
0.4472
0.4441
0.6217
0.4433
0.4410
0.4434
0.4468
0.4389
0.4414
0.4428
0.4419
0.4393
0.5403
0.4394
0.4405
0.4414
0.4423
0.3957
0.4506
0.4470
0.4458
0.4451
0.5203
0.4470
0.4449
0.4475
0.4441
0.3516
0.4409
0.4488
0.4458
0.4450
0.3840
0.4439
0.4486
0.4456
0.4463
0.4224
0.4464
0.4467
0.4486
0.4425
0.4088
0.4547
0.4446
0.4441
0.4444
0.4064
0.4470
0.4397
0.4408
0.4426
0.4852
0.4392
0.4435
0.4466
0.4462
0.4131
0.4461
0.4463
0.4462
0.4457
0.4617
0.4565
0.4487
0.4456
0.4450
0.4199
0.4527
0.4445
0.4449
0.4421
0.6971
0.4513
0.4445
0.4458
0.4484
0.4111
0.4585
0.4544
0.4509
0.4508
0.6260
0.4356
0.4385
0.4448
0.4466
0.3996
0.4312
0.4377
0.4402
0.4450
0.4869
0.4509
0.4460
0.4417
0.4399
0.4055
0.4472
0.4448
0.4436
0.4453
0.4699
0.4420
0.4446
0.4425
0.4440
0.3352
0.4455
0.4473
0.4436
0.4448
0.4794
0.4484
0.4490
0.4487
0.4496
0.4749
0.4401
0.4478
0.4475
0.4466
0.4821
0.4550
0.4499
0.4504
0.4472
0.3779
0.4541
0.4441
0.4453
0.4441
0.5469
0.4381
0.4480
0.4476
0.4488
0.5781
0.4498
0.4452
0.4439
0.4420
0.3435
0.4421
0.4359
0.4421
0.4433
0.4185
0.4356
0.4388
0.4432
0.4456
0.4174
0.4501
0.4478
0.4476
0.4446
0.3570
0.4501
0.4415
0.4446
0.4468
0.3268
0.4363
0.4434
0.4441
0.4437
0.5009
0.4480
0.4400
0.4406
0.4421
0.4630
0.4535
0.4453
0.4447
0.4436
0.4910
0.4488
0.4422
0.4453
0.4456
0.3705
0.4484
0.4454
0.4448
0.4460
0.4690
0.4342
0.4433
0.4445
0.4498
0.3809
0.4490
0.4424
0.4466
0.4479
0.4370
0.4361
0.4386
0.4467
0.4450
0.4565
0.4499
0.4493
0.4499
0.4456
0.4444
0.4478
0.4466
0.4453
0.4477
0.4437
0.4436
0.4464
0.4441
0.4491
0.4316
0.4378
0.4436
0.4411
0.4406
0.3908
0.4465
0.4467
0.4510
0.4510
0.4314
0.4394
0.4476
0.4478
0.4471
0.3593
0.4311
0.4350
0.4413
0.4416
0.5107
0.4284
0.4313
0.4383
0.4382
0.4114
0.4520
0.4442
0.4444
0.4454
0.3557
0.4355
0.4491
0.4474
0.4469
0.5115
0.4539
0.4431
0.4417
0.4397
0.4117
0.4455
0.4465
0.4478
0.4483
0.4599
0.4583
0.4505
0.4480
0.4467
0.4416
0.4485
0.4449
0.4456
0.4477
0.2971
0.4447
0.4463
0.4493
0.4464
0.3770
0.4340
0.4433
0.4400
0.4418
0.4900
0.4455
0.4389
0.4405
0.4402
0.3895
0.4490
0.4456
0.4470
0.4469
0.4350
0.4385
0.4417
0.4478
0.4512
0.5364
0.4384
0.4442
0.4412
0.4413
0.4431
0.4339
0.4353
0.4385
0.4418
0.4836
0.4459
0.4435
0.4444
0.4444
0.5142
0.4331
0.4362
0.4449
0.4443
0.5740
0.4403
0.4432
0.4417
0.4440
0.4467
0.4464
0.4448
0.4450
0.4463
0.5873
0.4519
0.4482
0.4494
0.4488
0.4126
0.4538
0.4450
0.4459
0.4472
0.4186
0.4347
0.4447
0.4450
0.4443
0.4033
0.4364
0.4400
0.4415
0.4390
0.4311
0.4454
0.4442
0.4429
0.4436
0.5060
0.4411
0.4398
0.4398
0.4419
0.4486
0.4477
0.4444
0.4469
0.4450
0.3790
0.4252
0.4361
0.4426
0.4459
0.5096
0.4395
0.4461
0.4448
0.4438
0.4209
0.4515
0.4463
0.4438
0.4461
0.4084
0.4389
0.4415
0.4397
0.4389
0.4315
0.4484
0.4433
0.4428
0.4430
0.3971
0.4347
0.4341
0.4402
0.4387
0.3894
0.4437
0.4460
0.4479
0.4427
0.3875
0.4334
0.4371
0.4392
0.4416
0.4553
0.4438
0.4394
0.4431
0.4458
0.4648
0.4458
0.4401
0.4446
0.4461
0.3707
0.4497
0.4428
0.4424
0.4442
0.4604
0.4396
0.4562
0.4496
0.4481
0.4698
0.4534
0.4530
0.4512
0.4513
0.4454
0.4426
0.4447
0.4449
0.4462
0.6296
0.4448
0.4394
0.4423
0.4448
0.4126
0.4482
0.4439
0.4421
0.4423
0.4020
0.4282
0.4302
0.4357
0.4379
0.4809
0.4419
0.4452
0.4465
0.4474
0.6552
0.4359
0.4331
0.4355
0.4385
0.4202
0.4375
0.4424
0.4474
0.4487
0.5451
0.4381
0.4339
0.4387
0.4442
0.4378
0.4427
0.4457
0.4471
0.4483
0.3859
0.4444
0.4523
0.4486
0.4484
0.4229
0.4362
0.4460
0.4469
0.4470
0.3915
0.4514
0.4502
0.4498
0.4467
0.4788
0.4410
0.4402
0.4402
0.4400
0.3317
0.4314
0.4422
0.4440
0.4474
0.4831
0.4575
0.4496
0.4414
0.4418
0.4190
0.4392
0.4448
0.4441
0.4415
0.6130
0.4506
0.4481
0.4478
0.4446
0.4297
0.4469
0.4498
0.4504
0.4484
0.4459
0.4399
0.4391
0.4373
0.4406
0.3287
0.4397
0.4377
0.4409
0.4428
0.4925
0.4545
0.4462
0.4460
0.4433
0.5989
0.4399
0.4387
0.4436
0.4415
0.3547
0.4347
0.4373
0.4407
0.4425
0.3918
0.4455
0.4481
0.4479
0.4461
0.3024
0.4560
0.4478
0.4432
0.4464
0.4630
0.4468
0.4445
0.4426
0.4482
0.3251
0.4422
0.4479
0.4441
0.4445
0.5119
0.4450
0.4473
0.4416
0.4428
0.4438
0.4628
0.4503
0.4500
0.4500
0.5599
0.4425
0.4379
0.4396
0.4420
0.4596
0.4604
0.4479
0.4492
0.4453
0.4522
0.4299
0.4380
0.4396
0.4430
0.4373
0.4349
0.4368
0.4460
0.4446
0.4235
0.4586
0.4504
0.4515
0.4494
0.5509
0.4508
0.4454
0.4417
0.4419
0.4073
0.4305
0.4406
0.4402
0.4400
0.5898
0.4377
0.4409
0.4423
0.4449
0.3688
0.4349
0.4341
0.4417
0.4410
0.3898
0.4461
0.4472
0.4492
0.4480
0.3823
0.4264
0.4306
0.4313
0.4366
0.5705
0.4551
0.4499
0.4466
0.4483
0.4880
0.4544
0.4560
0.4507
0.4469
0.3755
0.4473
0.4402
0.4437
0.4440
0.4138
0.4398
0.4446
0.4401
0.4414
0.6149
0.4474
0.4460
0.4449
0.4415
0.4671
0.4425
0.4468
0.4462
0.4478
0.4974
0.4496
0.4449
0.4513
0.4457
0.3520
0.4398
0.4351
0.4404
0.4418
0.4201
0.4490
0.4350
0.4383
0.4368
0.5326
0.4485
0.4525
0.4465
0.4467
0.4064
0.4439
0.4411
0.4410
0.4430
0.5420
0.4278
0.4351
0.4395
0.4392
0.3453
0.4389
0.4356
0.4421
0.4401
0.4900
0.4508
0.4483
0.4476
0.4467
