3.0620
2.0492
1.3517
1.0636
0.9218
0.4187
0.4257
0.4190
0.4135
0.4092
0.3701
0.3832
0.3818
0.3797
0.3766
0.3710
0.3613
0.3580
0.3554
0.3540
0.3400
0.3387
0.3382
0.3369
0.3356
0.3195
0.3240
0.3223
0.3204
0.3192
0.3092
0.3095
0.3096
0.3071
0.3050
0.2688
0.2910
0.2907
0.2904
0.2895
0.3100
0.2805
0.2773
0.2758
0.2739
0.2689
0.2663
0.2640
0.2633
0.2617
0.2483
0.2475
0.2491
0.2489
0.2485
0.2427
0.2410
0.2396
0.2389
0.2374
0.2231
0.2279
0.2276
0.2263
0.2265
0.2220
0.2188
0.2177
0.2181
0.2179
0.1852
0.2092
0.2089
0.2093
0.2088
0.1963
0.1973
0.1991
0.2003
0.2010
0.1562
0.1951
0.1943
0.1948
0.1937
0.1697
0.1885
0.1886
0.1881
0.1880
0.1940
0.1791
0.1798
0.1807
0.1804
0.1857
0.1779
0.1763
0.1756
0.1756
0.1449
0.1692
0.1686
0.1694
0.1696
0.1759
0.1616
0.1644
0.1645
0.1651
0.1688
0.1589
0.1595
0.1595
0.1597
0.1500
0.1554
0.1569
0.1567
0.1563
0.1711
0.1495
0.1495
0.1505
0.1507
0.1410
0.1439
0.1456
0.1472
0.1468
0.1469
0.1401
0.1414
0.1422
0.1425
0.1487
0.1374
0.1363
0.1384
0.1397
0.1530
0.1342
0.1343
0.1353
0.1364
0.1183
0.1300
0.1296
0.1305
0.1322
0.1451
0.1261
0.1275
0.1282
0.1286
0.1218
0.1212
0.1230
0.1238
0.1252
0.1177
0.1203
0.1216
0.1229
0.1234
0.1076
0.1164
0.1177
0.1184
0.1196
0.1026
0.1131
0.1152
0.1168
0.1166
0.1171
0.1102
0.1126
0.1137
0.1145
0.1018
0.1110
0.1111
0.1117
0.1119
0.0984
0.1070
0.1082
0.1085
0.1095
0.1136
0.1040
0.1039
0.1052
0.1054
0.0869
0.1006
0.1026
0.1035
0.1040
0.1024
0.0991
0.1000
0.1012
0.1019
0.1138
0.0957
0.0973
0.0985
0.0998
0.0998
0.0940
0.0952
0.0962
0.0973
0.0895
0.0927
0.0926
0.0941
0.0953
0.0912
0.0897
0.0907
0.0914
0.0928
0.0710
0.0884
0.0888
0.0907
0.0917
0.1081
0.0855
0.0875
0.0891
0.0901
0.0767
0.0843
0.0861
0.0870
0.0880
0.0870
0.0841
0.0846
0.0857
0.0866
0.0713
0.0805
0.0820
0.0837
0.0846
0.0767
0.0799
0.0809
0.0821
0.0835
0.0916
0.0796
0.0813
0.0818
0.0827
0.0653
0.0759
0.0777
0.0791
0.0802
0.0856
0.0736
0.0757
0.0771
0.0781
0.0707
0.0741
0.0753
0.0766
0.0781
0.0673
0.0722
0.0734
0.0745
0.0759
0.0725
0.0694
0.0720
0.0735
0.0747
0.0680
0.0711
0.0723
0.0733
0.0739
0.0614
0.0676
0.0697
0.0713
0.0724
0.0720
0.0687
0.0694
0.0712
0.0722
0.0648
0.0687
0.0692
0.0700
0.0708
0.0713
0.0660
0.0667
0.0688
0.0699
0.0639
0.0655
0.0661
0.0679
0.0689
0.0537
0.0649
0.0659
0.0669
0.0676
0.0586
0.0624
0.0646
0.0661
0.0672
0.0625
0.0627
0.0628
0.0646
0.0655
0.0612
0.0604
0.0624
0.0639
0.0646
0.0570
0.0598
0.0622
0.0630
0.0641
0.0579
0.0607
0.0616
0.0633
0.0641
0.0618
0.0597
0.0602
0.0613
0.0623
0.0609
0.0585
0.0596
0.0615
0.0626
0.0599
0.0591
0.0596
0.0612
0.0620
0.0531
0.0575
0.0580
0.0591
0.0605
0.0517
0.0561
0.0576
0.0593
0.0601
0.0504
0.0553
0.0567
0.0582
0.0596
0.0491
0.0548
0.0562
0.0581
0.0593
0.0586
0.0554
0.0564
0.0573
0.0585
0.0527
0.0552
0.0561
0.0570
0.0580
0.0694
0.0551
0.0556
0.0561
0.0568
0.0552
0.0554
0.0551
0.0565
0.0573
0.0543
0.0534
0.0544
0.0558
0.0568
0.0443
0.0537
0.0544
0.0557
0.0565
0.0461
0.0529
0.0541
0.0548
0.0560
0.0484
0.0516
0.0525
0.0538
0.0551
0.0441
0.0524
0.0532
0.0541
0.0551
0.0526
0.0526
0.0531
0.0540
0.0547
0.0358
0.0522
0.0523
0.0531
0.0541
0.0555
0.0523
0.0525
0.0535
0.0543
0.0404
0.0503
0.0513
0.0523
0.0534
0.0391
0.0500
0.0509
0.0521
0.0529
0.0481
0.0507
0.0508
0.0517
0.0529
0.0447
0.0494
0.0513
0.0524
0.0532
0.0485
0.0484
0.0495
0.0507
0.0521
0.0491
0.0479
0.0494
0.0508
0.0518
0.0499
0.0489
0.0500
0.0512
0.0520
0.0557
0.0498
0.0507
0.0516
0.0523
0.0540
0.0473
0.0483
0.0500
0.0512
0.0401
0.0485
0.0486
0.0494
0.0505
0.0518
0.0474
0.0487
0.0501
0.0508
0.0421
0.0464
0.0482
0.0495
0.0502
0.0435
0.0481
0.0491
0.0500
0.0507
0.0497
0.0480
0.0485
0.0491
0.0502
0.0447
0.0459
0.0477
0.0491
0.0497
0.0469
0.0472
0.0474
0.0487
0.0495
0.0390
0.0449
0.0465
0.0478
0.0490
0.0399
0.0462
0.0468
0.0476
0.0486
0.0512
0.0473
0.0470
0.0482
0.0489
0.0480
0.0453
0.0467
0.0479
0.0487
0.0422
0.0450
0.0464
0.0477
0.0484
0.0647
0.0442
0.0459
0.0472
0.0481
0.0347
0.0437
0.0453
0.0467
0.0477
0.0285
0.0444
0.0454
0.0466
0.0474
0.0360
0.0428
0.0445
0.0460
0.0470
0.0459
0.0459
0.0461
0.0469
0.0477
0.0451
0.0450
0.0457
0.0465
0.0475
0.0541
0.0444
0.0459
0.0468
0.0477
0.0486
0.0445
0.0453
0.0464
0.0471
0.0443
0.0454
0.0457
0.0460
0.0468
0.0436
0.0426
0.0446
0.0454
0.0465
0.0346
0.0430
0.0446
0.0456
0.0465
0.0588
0.0433
0.0445
0.0454
0.0461
0.0535
0.0432
0.0441
0.0456
0.0462
0.0482
0.0437
0.0448
0.0454
0.0459
0.0449
0.0430
0.0437
0.0444
0.0457
0.0462
0.0431
0.0437
0.0442
0.0449
0.0379
0.0427
0.0433
0.0450
0.0456
0.0516
0.0417
0.0431
0.0439
0.0450
0.0525
0.0433
0.0444
0.0448
0.0459
0.0384
0.0421
0.0426
0.0439
0.0452
0.0412
0.0427
0.0425
0.0434
0.0446
0.0408
0.0424
0.0428
0.0438
0.0447
0.0361
0.0421
0.0432
0.0442
0.0449
0.0488
0.0423
0.0429
0.0439
0.0447
0.0350
0.0414
0.0426
0.0438
0.0445
0.0427
0.0410
0.0423
0.0433
0.0440
0.0395
0.0405
0.0422
0.0429
0.0438
0.0421
0.0405
0.0417
0.0425
0.0435
0.0309
0.0419
0.0420
0.0429
0.0438
0.0418
0.0401
0.0420
0.0430
0.0438
0.0509
0.0406
0.0420
0.0430
0.0439
0.0231
0.0406
0.0413
0.0425
0.0435
0.0320
0.0401
0.0411
0.0422
0.0430
0.0426
0.0397
0.0408
0.0421
0.0431
0.0278
0.0416
0.0415
0.0428
0.0433
0.0380
0.0408
0.0413
0.0421
0.0426
0.0337
0.0397
0.0409
0.0424
0.0430
0.0424
0.0397
0.0412
0.0415
0.0423
0.0457
0.0404
0.0410
0.0424
0.0429
0.0333
0.0400
0.0407
0.0415
0.0423
0.0295
0.0407
0.0412
0.0422
0.0430
0.0389
0.0385
0.0403
0.0414
0.0424
0.0405
0.0399
0.0409
0.0419
0.0425
0.0309
0.0392
0.0402
0.0415
0.0425
0.0356
0.0401
0.0406
0.0414
0.0422
0.0384
0.0398
0.0408
0.0413
0.0420
0.0418
0.0395
0.0403
0.0413
0.0422
0.0332
0.0392
0.0401
0.0411
0.0416
0.0463
0.0395
0.0404
0.0411
0.0417
0.0389
0.0381
0.0392
0.0404
0.0414
0.0355
0.0377
0.0394
0.0405
0.0415
0.0366
0.0388
0.0395
0.0406
0.0410
0.0347
0.0386
0.0394
0.0403
0.0408
0.0407
0.0389
0.0402
0.0408
0.0418
0.0293
0.0388
0.0396
0.0402
0.0410
0.0427
0.0372
0.0386
0.0399
0.0409
0.0338
0.0387
0.0397
0.0401
0.0408
0.0376
0.0371
0.0389
0.0401
0.0407
0.0457
0.0376
0.0384
0.0399
0.0407
0.0353
0.0371
0.0383
0.0391
0.0400
0.0491
0.0388
0.0391
0.0399
0.0410
0.0373
0.0382
0.0388
0.0397
0.0407
0.0263
0.0386
0.0388
0.0399
0.0411
0.0248
0.0381
0.0384
0.0395
0.0405
0.0413
0.0382
0.0390
0.0397
0.0405
0.0614
0.0384
0.0389
0.0400
0.0405
0.0343
0.0359
0.0379
0.0388
0.0397
0.0428
0.0381
0.0389
0.0401
0.0404
0.0329
0.0379
0.0382
0.0384
0.0395
0.0388
0.0374
0.0379
0.0389
0.0397
0.0405
0.0369
0.0376
0.0384
0.0393
0.0347
0.0365
0.0371
0.0383
0.0396
0.0285
0.0370
0.0379
0.0390
0.0397
0.0451
0.0362
0.0376
0.0383
0.0391
0.0333
0.0360
0.0373
0.0387
0.0392
0.0291
0.0370
0.0385
0.0394
0.0399
0.0406
0.0369
0.0375
0.0383
0.0390
0.0426
0.0369
0.0373
0.0383
0.0390
0.0320
0.0371
0.0384
0.0392
0.0399
0.0266
0.0363
0.0375
0.0385
0.0392
0.0411
0.0354
0.0373
0.0380
0.0390
0.0321
0.0369
0.0385
0.0387
0.0397
0.0305
0.0370
0.0377
0.0385
0.0390
0.0372
0.0353
0.0358
0.0375
0.0383
0.0286
0.0375
0.0377
0.0380
0.0389
0.0435
0.0355
0.0365
0.0377
0.0383
0.0409
0.0364
0.0375
0.0384
0.0389
0.0385
0.0363
0.0370
0.0379
0.0387
0.0363
0.0357
0.0362
0.0372
0.0380
0.0373
0.0365
0.0370
0.0382
0.0388
0.0354
0.0361
0.0367
0.0378
0.0386
0.0334
0.0362
0.0368
0.0375
0.0382
0.0250
0.0318
0.0311
0.0304
0.0301
0.0261
0.0283
0.0278
0.0274
0.0273
0.0258
0.0262
0.0258
0.0260
0.0260
0.0252
0.0254
0.0251
0.0251
0.0250
0.0183
0.0250
0.0244
0.0245
0.0244
0.0165
0.0230
0.0235
0.0237
0.0236
0.0182
0.0230
0.0234
0.0233
0.0231
0.0235
0.0222
0.0226
0.0227
0.0227
0.0225
0.0227
0.0225
0.0224
0.0225
0.0199
0.0216
0.0220
0.0222
0.0221
0.0208
0.0214
0.0215
0.0218
0.0219
0.0225
0.0209
0.0212
0.0213
0.0214
0.0165
0.0207
0.0207
0.0211
0.0214
0.0229
0.0211
0.0212
0.0214
0.0214
0.0168
0.0207
0.0206
0.0208
0.0208
0.0281
0.0200
0.0203
0.0206
0.0207
0.0193
0.0202
0.0201
0.0201
0.0201
0.0177
0.0200
0.0202
0.0203
0.0205
0.0215
0.0200
0.0201
0.0201
0.0201
0.0214
0.0196
0.0197
0.0197
0.0199
0.0171
0.0191
0.0198
0.0199
0.0200
0.0161
0.0196
0.0196
0.0196
0.0197
0.0169
0.0187
0.0193
0.0195
0.0195
0.0175
0.0192
0.0191
0.0196
0.0196
0.0146
0.0195
0.0194
0.0192
0.0193
0.0152
0.0187
0.0190
0.0190
0.0191
0.0154
0.0188
0.0189
0.0190
0.0190
0.0220
0.0188
0.0188
0.0188
0.0190
0.0222
0.0189
0.0190
0.0190
0.0189
0.0156
0.0180
0.0185
0.0185
0.0187
0.0194
0.0181
0.0185
0.0187
0.0188
0.0206
0.0181
0.0182
0.0184
0.0186
0.0170
0.0186
0.0186
0.0186
0.0188
0.0208
0.0178
0.0180
0.0183
0.0183
0.0154
0.0180
0.0181
0.0181
0.0182
0.0164
0.0180
0.0181
0.0183
0.0184
0.0126
0.0181
0.0180
0.0182
0.0183
0.0185
0.0179
0.0178
0.0178
0.0180
0.0177
0.0177
0.0178
0.0179
0.0181
0.0236
0.0180
0.0180
0.0181
0.0181
0.0174
0.0176
0.0179
0.0180
0.0180
0.0165
0.0170
0.0176
0.0177
0.0177
0.0131
0.0177
0.0175
0.0177
0.0178
0.0181
0.0175
0.0176
0.0177
0.0178
0.0145
0.0176
0.0176
0.0177
0.0178
0.0191
0.0174
0.0177
0.0178
0.0179
0.0149
0.0168
0.0173
0.0174
0.0173
0.0158
0.0169
0.0173
0.0176
0.0176
0.0146
0.0173
0.0172
0.0174
0.0175
0.0165
0.0174
0.0172
0.0173
0.0174
0.0160
0.0167
0.0170
0.0172
0.0173
0.0186
0.0167
0.0171
0.0171
0.0173
0.0172
0.0171
0.0171
0.0172
0.0174
0.0159
0.0169
0.0170
0.0173
0.0174
0.0126
0.0168
0.0170
0.0171
0.0172
0.0122
0.0168
0.0172
0.0173
0.0174
0.0202
0.0170
0.0171
0.0170
0.0171
0.0147
0.0170
0.0169
0.0169
0.0170
0.0163
0.0166
0.0167
0.0168
0.0170
0.0176
0.0160
0.0165
0.0167
0.0169
0.0155
0.0168
0.0168
0.0168
0.0169
0.0169
0.0163
0.0166
0.0166
0.0167
0.0155
0.0166
0.0168
0.0167
0.0167
0.0129
0.0165
0.0167
0.0168
0.0169
0.0162
0.0164
0.0167
0.0168
0.0168
0.0138
0.0164
0.0165
0.0166
0.0168
0.0178
0.0163
0.0164
0.0167
0.0168
0.0136
0.0166
0.0163
0.0164
0.0166
0.0141
0.0163
0.0167
0.0167
0.0168
0.0196
0.0166
0.0167
0.0165
0.0167
0.0173
0.0166
0.0163
0.0162
0.0164
0.0151
0.0161
0.0162
0.0163
0.0165
0.0198
0.0163
0.0165
0.0165
0.0165
0.0168
0.0159
0.0162
0.0163
0.0163
0.0107
0.0163
0.0165
0.0167
0.0166
0.0153
0.0164
0.0163
0.0163
0.0163
0.0164
0.0162
0.0162
0.0164
0.0165
0.0128
0.0163
0.0162
0.0162
0.0165
0.0148
0.0158
0.0161
0.0163
0.0163
0.0169
0.0159
0.0161
0.0163
0.0165
0.0149
0.0159
0.0159
0.0161
0.0162
0.0147
0.0162
0.0163
0.0162
0.0163
0.0194
0.0160
0.0161
0.0163
0.0164
0.0132
0.0161
0.0160
0.0162
0.0162
0.0173
0.0157
0.0158
0.0158
0.0160
0.0139
0.0159
0.0158
0.0158
0.0159
0.0126
0.0159
0.0159
0.0159
0.0161
0.0169
0.0161
0.0164
0.0162
0.0162
0.0186
0.0157
0.0158
0.0160
0.0162
0.0132
0.0156
0.0156
0.0158
0.0159
0.0148
0.0154
0.0155
0.0158
0.0160
0.0141
0.0160
0.0161
0.0161
0.0161
0.0144
0.0160
0.0160
0.0162
0.0162
0.0158
0.0159
0.0160
0.0160
0.0160
0.0147
0.0157
0.0159
0.0158
0.0160
0.0185
0.0155
0.0154
0.0158
0.0160
0.0124
0.0157
0.0157
0.0158
0.0159
0.0161
0.0155
0.0154
0.0157
0.0159
0.0179
0.0155
0.0156
0.0156
0.0158
0.0174
0.0156
0.0155
0.0157
0.0158
0.0159
0.0156
0.0152
0.0152
0.0151
0.0170
0.0152
0.0150
0.0148
0.0148
0.0147
0.0145
0.0146
0.0147
0.0147
0.0131
0.0146
0.0147
0.0149
0.0147
0.0165
0.0146
0.0144
0.0145
0.0146
0.0148
0.0147
0.0146
0.0147
0.0147
0.0144
0.0141
0.0144
0.0145
0.0146
0.0193
0.0146
0.0146
0.0146
0.0146
0.0173
0.0146
0.0145
0.0145
0.0145
0.0099
0.0143
0.0143
0.0145
0.0145
0.0136
0.0143
0.0143
0.0144
0.0144
0.0131
0.0143
0.0144
0.0144
0.0145
0.0133
0.0142
0.0146
0.0146
0.0147
0.0132
0.0143
0.0144
0.0145
0.0146
0.0154
0.0143
0.0143
0.0144
0.0144
0.0137
0.0140
0.0143
0.0144
0.0143
0.0211
0.0149
0.0143
0.0144
0.0144
0.0137
0.0142
0.0143
0.0144
0.0144
0.0163
0.0142
0.0144
0.0144
0.0145
0.0092
0.0146
0.0143
0.0144
0.0143
0.0147
0.0148
0.0145
0.0145
0.0144
0.0127
0.0142
0.0143
0.0143
0.0143
0.0122
0.0145
0.0145
0.0145
0.0145
0.0172
0.0144
0.0145
0.0144
0.0143
0.0128
0.0145
0.0143
0.0143
0.0143
0.0165
0.0145
0.0146
0.0144
0.0144
0.0134
0.0146
0.0145
0.0144
0.0144
0.0111
0.0144
0.0145
0.0144
0.0144
0.0124
0.0146
0.0143
0.0143
0.0143
0.0141
0.0142
0.0142
0.0143
0.0144
0.0133
0.0139
0.0142
0.0142
0.0142
0.0153
0.0145
0.0145
0.0143
0.0143
0.0178
0.0139
0.0141
0.0142
0.0143
0.0137
0.0141
0.0143
0.0144
0.0144
0.0143
0.0144
0.0144
0.0143
0.0143
0.0138
0.0143
0.0143
0.0144
0.0144
0.0134
0.0140
0.0141
0.0142
0.0143
0.0128
0.0141
0.0143
0.0144
0.0143
0.0140
0.0144
0.0144
0.0142
0.0143
0.0143
0.0147
0.0144
0.0143
0.0143
0.0140
0.0139
0.0140
0.0141
0.0142
0.0130
0.0140
0.0142
0.0142
0.0142
0.0175
0.0139
0.0141
0.0141
0.0142
0.0122
0.0139
0.0142
0.0141
0.0142
0.0122
0.0145
0.0145
0.0145
0.0144
0.0158
0.0143
0.0142
0.0142
0.0142
0.0118
0.0145
0.0144
0.0143
0.0144
0.0143
0.0144
0.0144
0.0142
0.0142
0.0129
0.0141
0.0142
0.0141
0.0141
0.0155
0.0140
0.0142
0.0142
0.0142
0.0154
0.0141
0.0141
0.0142
0.0142
0.0164
0.0143
0.0142
0.0143
0.0142
0.0136
0.0139
0.0141
0.0142
0.0142
0.0166
0.0140
0.0142
0.0141
0.0141
0.0104
0.0139
0.0139
0.0140
0.0141
0.0113
0.0141
0.0140
0.0141
0.0141
0.0109
0.0143
0.0143
0.0143
0.0143
0.0170
0.0141
0.0141
0.0142
0.0141
0.0142
0.0137
0.0138
0.0139
0.0140
0.0141
0.0143
0.0143
0.0141
0.0142
0.0110
0.0143
0.0144
0.0143
0.0143
0.0153
0.0140
0.0139
0.0140
0.0140
0.0151
0.0137
0.0140
0.0141
0.0142
0.0155
0.0140
0.0141
0.0142
0.0140
0.0103
0.0140
0.0142
0.0142
0.0142
0.0176
0.0143
0.0143
0.0142
0.0141
0.0146
0.0137
0.0138
0.0138
0.0138
0.0116
0.0140
0.0140
0.0141
0.0141
0.0124
0.0137
0.0140
0.0140
0.0141
0.0143
0.0141
0.0141
0.0140
0.0141
0.0145
0.0139
0.0139
0.0140
0.0140
0.0150
0.0141
0.0140
0.0140
0.0140
0.0165
0.0139
0.0140
0.0139
0.0140
0.0137
0.0141
0.0141
0.0140
0.0140
0.0157
0.0138
0.0141
0.0141
0.0141
0.0130
0.0142
0.0140
0.0141
0.0140
0.0099
0.0140
0.0140
0.0140
0.0141
0.0157
0.0139
0.0138
0.0138
0.0139
0.0192
0.0144
0.0141
0.0140
0.0141
0.0127
0.0141
0.0141
0.0141
0.0141
0.0110
0.0138
0.0140
0.0141
0.0141
0.0181
0.0140
0.0139
0.0141
0.0140
0.0120
0.0138
0.0139
0.0139
0.0139
0.0146
0.0139
0.0138
0.0139
0.0139
0.0118
0.0139
0.0139
0.0139
0.0139
0.0176
0.0141
0.0141
0.0141
0.0141
0.0136
0.0139
0.0139
0.0140
0.0140
0.0135
0.0141
0.0140
0.0140
0.0140
0.0083
0.0137
0.0138
0.0140
0.0140
0.0134
0.0134
0.0137
0.0138
0.0138
0.0109
0.0139
0.0139
0.0139
0.0139
0.0143
0.0142
0.0142
0.0141
0.0141
0.0142
0.0138
0.0139
0.0140
0.0140
0.0144
0.0142
0.0138
0.0139
0.0140
0.0129
0.0137
0.0139
0.0140
0.0140
0.0142
0.0138
0.0139
0.0140
0.0140
0.0180
0.0142
0.0141
0.0139
0.0139
0.0211
0.0140
0.0142
0.0139
0.0139
0.0181
0.0138
0.0140
0.0140
0.0140
0.0127
0.0140
0.0139
0.0139
0.0140
0.0167
0.0140
0.0141
0.0140
0.0140
0.0170
0.0138
0.0141
0.0140
0.0139
0.0131
0.0138
0.0139
0.0140
0.0139
0.0156
0.0140
0.0139
0.0140
0.0139
0.0136
0.0136
0.0138
0.0139
0.0139
0.0126
0.0136
0.0138
0.0138
0.0138
0.0164
0.0140
0.0139
0.0139
0.0138
0.0180
0.0139
0.0140
0.0139
0.0140
0.0163
0.0138
0.0140
0.0139
0.0139
0.0128
0.0136
0.0137
0.0138
0.0137
0.0126
0.0141
0.0140
0.0139
0.0139
0.0118
0.0141
0.0139
0.0138
0.0139
0.0155
0.0141
0.0137
0.0137
0.0138
0.0132
0.0139
0.0139
0.0140
0.0140
0.0125
0.0138
0.0138
0.0138
0.0137
0.0151
0.0142
0.0139
0.0139
0.0138
0.0202
0.0139
0.0137
0.0137
0.0137
0.0154
0.0143
0.0140
0.0139
0.0139
0.0150
0.0139
0.0139
0.0138
0.0138
0.0190
0.0140
0.0138
0.0138
0.0137
0.0132
0.0140
0.0137
0.0137
0.0137
0.0106
0.0140
0.0137
0.0137
0.0138
0.0129
0.0137
0.0137
0.0137
0.0138
0.0128
0.0137
0.0137
0.0136
0.0137
0.0128
0.0134
0.0136
0.0136
0.0136
0.0144
0.0135
0.0137
0.0137
0.0137
0.0168
0.0139
0.0139
0.0137
0.0138
0.0148
0.0136
0.0138
0.0136
0.0137
0.0135
0.0138
0.0139
0.0139
0.0139
0.0154
0.0137
0.0140
0.0140
0.0139
0.0127
0.0142
0.0139
0.0139
0.0139
0.0115
0.0138
0.0139
0.0139
0.0139
0.0118
0.0137
0.0137
0.0137
0.0138
0.0170
0.0138
0.0138
0.0138
0.0138
0.0134
0.0138
0.0137
0.0138
0.0139
0.0109
0.0139
0.0140
0.0139
0.0139
0.0133
0.0138
0.0138
0.0137
0.0138
0.0149
0.0134
0.0135
0.0135
0.0136
0.0147
0.0136
0.0136
0.0137
0.0137
0.0120
0.0135
0.0139
0.0138
0.0138
0.0151
0.0138
0.0137
0.0138
0.0139
0.0163
0.0140
0.0138
0.0138
0.0138
0.0174
0.0134
0.0137
0.0138
0.0138
0.0102
0.0137
0.0140
0.0139
0.0138
0.0111
0.0137
0.0138
0.0137
0.0137
0.0109
0.0138
0.0138
0.0138
0.0138
0.0103
0.0138
0.0137
0.0137
0.0138
0.0130
0.0137
0.0137
0.0137
0.0138
0.0155
0.0138
0.0137
0.0139
0.0139
0.0159
0.0139
0.0139
0.0139
0.0139
0.0155
0.0138
0.0137
0.0137
0.0139
0.0117
0.0138
0.0137
0.0138
0.0138
0.0120
0.0137
0.0136
0.0136
0.0136
0.0144
0.0139
0.0139
0.0138
0.0137
0.0155
0.0139
0.0138
0.0139
0.0138
0.0118
0.0141
0.0138
0.0138
0.0138
0.0120
0.0138
0.0139
0.0139
0.0138
0.0115
0.0138
0.0137
0.0139
0.0139
0.0130
0.0135
0.0135
0.0136
0.0136
0.0166
0.0137
0.0137
0.0138
0.0138
0.0110
0.0134
0.0138
0.0138
0.0138
0.0175
0.0139
0.0139
0.0139
0.0139
0.0109
0.0137
0.0136
0.0137
0.0137
0.0150
0.0138
0.0138
0.0138
0.0138
0.0129
0.0140
0.0139
0.0139
0.0138
0.0122
0.0137
0.0136
0.0137
0.0137
0.0136
0.0139
0.0137
0.0137
0.0137
0.0132
0.0138
0.0138
0.0138
0.0139
0.0142
0.0137
0.0137
0.0137
0.0138
0.0154
0.0138
0.0139
0.0139
0.0139
0.0105
0.0138
0.0139
0.0139
0.0140
0.0143
0.0138
0.0138
0.0138
0.0138
0.0097
0.0138
0.0136
0.0136
0.0137
0.0142
0.0139
0.0138
0.0138
0.0138
0.0131
0.0138
0.0138
0.0138
0.0137
0.0127
0.0137
0.0137
0.0138
0.0138
0.0139
0.0135
0.0136
0.0137
0.0137
0.0137
0.0138
0.0138
0.0137
0.0137
0.0168
0.0139
0.0137
0.0137
0.0137
0.0123
0.0137
0.0136
0.0136
0.0137
0.0157
0.0135
0.0136
0.0137
0.0138
0.0142
0.0134
0.0137
0.0137
0.0137
0.0109
0.0135
0.0136
0.0136
0.0137
0.0172
0.0137
0.0136
0.0136
0.0136
0.0174
0.0139
0.0138
0.0138
0.0138
0.0117
0.0140
0.0140
0.0139
0.0139
0.0131
0.0140
0.0139
0.0138
0.0137
0.0139
0.0138
0.0138
0.0138
0.0138
0.0167
0.0136
0.0137
0.0137
0.0137
0.0135
0.0139
0.0137
0.0138
0.0137
0.0127
0.0136
0.0137
0.0138
0.0138
0.0101
0.0135
0.0135
0.0136
0.0136
0.0155
0.0138
0.0138
0.0138
0.0138
0.0157
0.0135
0.0136
0.0138
0.0138
0.0167
0.0140
0.0140
0.0139
0.0138
0.0172
0.0137
0.0135
0.0136
0.0137
0.0195
0.0133
0.0137
0.0138
0.0137
0.0141
0.0135
0.0139
0.0137
0.0137
0.0156
0.0138
0.0138
0.0138
0.0138
0.0168
0.0137
0.0136
0.0136
0.0136
0.0110
0.0134
0.0135
0.0137
0.0137
0.0107
0.0132
0.0136
0.0136
0.0137
0.0143
0.0135
0.0136
0.0138
0.0137
0.0200
0.0140
0.0139
0.0138
0.0137
0.0161
0.0138
0.0137
0.0137
0.0137
0.0105
0.0139
0.0138
0.0138
0.0138
0.0144
0.0138
0.0137
0.0137
0.0137
0.0124
0.0138
0.0137
0.0137
0.0137
0.0213
0.0140
0.0138
0.0139
0.0139
0.0139
0.0133
0.0138
0.0137
0.0137
0.0162
0.0139
0.0138
0.0137
0.0138
0.0166
0.0137
0.0136
0.0136
0.0136
0.0139
0.0137
0.0137
0.0137
0.0137
0.0111
0.0138
0.0137
0.0137
0.0137
0.0161
0.0140
0.0137
0.0137
0.0138
0.0114
0.0138
0.0138
0.0138
0.0138
0.0180
0.0137
0.0137
0.0137
0.0137
0.0153
0.0139
0.0138
0.0137
0.0138
0.0126
0.0139
0.0139
0.0139
0.0139
0.0161
0.0143
0.0141
0.0139
0.0139
0.0116
0.0138
0.0139
0.0138
0.0138
0.0150
0.0139
0.0136
0.0136
0.0135
0.0095
0.0135
0.0138
0.0138
0.0137
0.0086
0.0136
0.0137
0.0136
0.0137
0.0158
0.0138
0.0138
0.0138
0.0138
0.0115
0.0136
0.0136
0.0137
0.0137
0.0126
0.0137
0.0136
0.0136
0.0138
0.0155
0.0138
0.0137
0.0136
0.0136
0.0121
0.0134
0.0135
0.0135
0.0137
0.0149
0.0139
0.0136
0.0137
0.0137
0.0162
0.0137
0.0138
0.0138
0.0138
0.0134
0.0139
0.0139
0.0137
0.0138
0.0171
0.0138
0.0138
0.0138
0.0138
0.0139
0.0138
0.0136
0.0137
0.0137
0.0127
0.0139
0.0137
0.0138
0.0138
0.0150
0.0141
0.0138
0.0140
0.0138
0.0152
0.0138
0.0136
0.0136
0.0136
0.0093
0.0138
0.0139
0.0137
0.0137
0.0129
0.0137
0.0136
0.0136
0.0136
0.0142
0.0135
0.0136
0.0136
0.0136
0.0134
0.0140
0.0139
0.0138
0.0137
0.0128
0.0137
0.0138
0.0138
0.0137
0.0125
0.0135
0.0136
0.0137
0.0137
0.0122
0.0134
0.0136
0.0136
0.0137
0.0182
0.0139
0.0138
0.0137
0.0138
0.0158
0.0136
0.0137
0.0137
0.0137
0.0158
0.0139
0.0137
0.0136
0.0137
0.0103
0.0135
0.0136
0.0137
0.0137
0.0141
0.0136
0.0136
0.0137
0.0137
0.0152
0.0135
0.0135
0.0135
0.0136
0.0127
0.0138
0.0138
0.0137
0.0137
0.0131
0.0139
0.0138
0.0138
0.0138
0.0144
0.0137
0.0137
0.0137
0.0137
0.0125
0.0135
0.0136
0.0137
0.0138
0.0133
0.0137
0.0137
0.0137
0.0137
0.0124
0.0137
0.0138
0.0139
0.0138
0.0128
0.0136
0.0137
0.0137
0.0136
0.0169
0.0132
0.0134
0.0135
0.0136
0.0121
0.0138
0.0137
0.0137
0.0137
0.0108
0.0136
0.0136
0.0135
0.0136
0.0145
0.0137
0.0136
0.0136
0.0137
0.0155
0.0136
0.0136
0.0136
0.0136
0.0152
0.0136
0.0136
0.0136
0.0137
0.0120
0.0138
0.0136
0.0136
0.0136
0.0151
0.0135
0.0137
0.0136
0.0137
0.0115
0.0136
0.0137
0.0135
0.0136
0.0132
0.0134
0.0136
0.0136
0.0137
0.0142
0.0137
0.0138
0.0137
0.0137
0.0103
0.0135
0.0136
0.0135
0.0136
0.0161
0.0137
0.0137
0.0137
0.0138
0.0126
0.0136
0.0135
0.0136
0.0136
0.0137
0.0135
0.0135
0.0136
0.0137
0.0112
0.0139
0.0138
0.0138
0.0138
0.0164
0.0136
0.0137
0.0138
0.0138
0.0187
0.0137
0.0136
0.0137
0.0137
0.0164
0.0135
0.0136
0.0136
0.0136
0.0130
0.0137
0.0135
0.0136
0.0136
0.0212
0.0140
0.0138
0.0137
0.0137
0.0183
0.0135
0.0135
0.0135
0.0136
0.0176
0.0140
0.0138
0.0139
0.0138
0.0127
0.0136
0.0137
0.0136
0.0137
0.0139
0.0134
0.0134
0.0136
0.0136
0.0131
0.0139
0.0138
0.0139
0.0138
0.0116
0.0138
0.0137
0.0136
0.0138
0.0190
0.0133
0.0135
0.0137
0.0137
0.0122
0.0134
0.0138
0.0137
0.0137
0.0117
0.0136
0.0137
0.0137
0.0138
0.0103
0.0138
0.0138
0.0137
0.0136
0.0119
0.0135
0.0138
0.0138
0.0137
0.0141
0.0138
0.0136
0.0135
0.0137
0.0172
0.0136
0.0136
0.0136
0.0137
0.0128
0.0135
0.0137
0.0137
0.0137
0.0118
0.0133
0.0133
0.0136
0.0136
0.0136
0.0136
0.0137
0.0137
0.0138
0.0105
0.0137
0.0138
0.0138
0.0137
0.0157
0.0137
0.0138
0.0138
0.0138
0.0118
0.0134
0.0136
0.0137
0.0136
0.0148
0.0135
0.0135
0.0136
0.0136
0.0136
0.0136
0.0137
0.0136
0.0137
